trade_date,close,open,high,low,vol,pct_change,vwap
20241231,300.15,299.87,302.18,298.15,639860,0.58,299.92
20241230,298.42,300.39,303.0,296.74,833690,-1.36,298.64
20241227,302.52,300.0,304.28,299.33,1230265,-0.08,302.5
20241226,302.76,303.82,305.47,301.8,659661,-0.61,302.9
20241224,304.62,302.35,304.62,301.68,320541,0.36,303.46
20241223,303.52,302.89,304.47,299.54,903708,-0.03,302.14
20241220,303.62,298.98,304.92,296.65,2925031,2.05,302.72
20241219,297.52,298.5,304.6,296.66,1911617,-0.54,299.05
20241218,299.15,309.31,309.77,298.87,1494289,-2.8,302.87
20241217,307.78,307.33,310.26,303.76,1624894,-0.59,307.13
20241216,309.6,312.63,317.08,308.61,1744862,-1.38,312.15
20241213,313.93,312.0,314.99,311.25,1324454,0.62,313.5
20241212,311.99,315.62,318.34,310.5,1568817,-1.0,313.38
20241211,315.14,318.0,318.94,314.3,881440,-0.52,315.97
20241210,316.79,318.0,319.78,311.49,1085672,-0.54,317.05
20241209,318.5,320.0,323.52,317.4,1400886,-0.39,319.38
20241206,319.75,321.84,324.68,315.69,1328391,-0.09,319.03
20241205,320.05,324.47,325.51,319.28,1377943,-1.25,321.89
20241204,324.09,327.0,328.44,323.67,1781031,-0.91,324.79
20241203,327.07,330.57,333.04,325.6,1046573,-0.17,327.4
20241202,327.63,326.46,330.8,325.49,1188069,0.13,328.45
20241129,327.22,324.5,327.85,323.99,626744,0.54,326.55
20241127,325.47,328.86,331.99,324.93,756010,-1.06,327.01
20241126,328.95,327.04,330.31,323.8,1048725,1.02,328.47
20241125,325.62,320.33,327.47,319.49,2675156,0.21,325.18
20241122,324.93,328.51,329.65,320.08,2132747,-2.2,325.08
20241121,332.24,327.17,332.81,320.17,2228189,-0.23,328.3
20241120,333.0,335.61,335.61,327.88,1426476,-0.63,331.15
20241119,335.11,334.35,337.0,330.64,1109254,-0.22,334.8
20241118,335.85,342.68,343.28,332.89,1491620,-2.07,336.25
20241115,342.96,345.41,345.41,335.16,1859026,-0.74,340.08
20241114,345.51,349.82,360.18,345.3,1797938,-1.09,350.83
20241113,349.32,350.42,352.0,347.28,1386775,-0.35,350.16
20241112,350.53,357.71,358.15,350.32,1371246,-2.08,352.18
20241111,357.99,356.54,360.48,354.58,836040,1.08,358.18
20241108,354.16,357.08,358.71,351.92,1248234,-0.53,354.1
20241107,356.03,348.26,356.84,345.83,1612335,2.09,353.46
20241106,348.75,349.25,357.73,345.89,3387274,-4.88,350.39
20241105,366.66,363.0,367.25,362.75,986890,0.96,365.54
20241104,363.16,357.85,368.41,357.61,1531813,1.67,363.97
20241101,357.19,360.52,360.88,355.56,1302909,-0.43,357.64
20241031,358.74,358.0,361.4,357.26,1173858,-0.6,359.33
20241030,360.92,359.81,364.13,358.97,1266306,0.07,361.88
20241029,360.67,357.0,361.9,355.27,1612051,1.14,359.44
20241028,356.59,363.5,367.83,356.5,1920440,-1.91,360.09
20241025,363.55,370.0,371.0,357.03,4258438,-8.86,362.79
20241024,398.9,405.57,408.51,394.12,2165189,-2.71,401.15
20241023,410.03,408.18,410.79,406.33,905163,0.46,408.86
20241022,408.17,408.07,411.35,405.15,969312,-0.63,408.35
20241021,410.76,414.18,415.98,410.57,954283,-1.15,412.73
20241018,415.54,406.46,417.14,404.75,1081086,2.23,413.75
20241017,406.48,406.73,410.51,404.12,1109839,-0.67,406.32
20241016,409.23,405.0,416.72,403.24,1759588,1.99,411.65
20241015,401.26,397.28,411.87,397.28,1602483,1.38,405.19
20241014,395.78,394.61,397.99,393.2,857702,0.31,396.3
20241011,394.54,391.05,395.75,390.04,726485,1.88,393.81
20241010,387.25,386.0,388.41,383.14,956197,0.23,386.32
20241009,386.36,378.48,386.66,376.03,1430804,2.06,382.65
20241008,378.58,382.7,385.63,370.46,1881130,-1.03,376.78
20241007,382.53,392.21,393.68,381.62,1638826,-2.93,385.4
20241004,394.07,394.34,395.34,390.4,785413,0.41,392.67
20241003,392.46,402.91,402.91,390.6,932553,-2.82,393.97
20241002,403.85,404.36,407.84,402.55,992709,-0.39,404.38
20241001,405.45,405.71,407.32,401.87,842702,-0.24,405.04
20240930,406.43,403.15,407.09,396.0,890002,0.78,404.25
20240927,403.28,404.37,405.43,396.57,802928,-0.14,402.65
20240926,403.86,404.33,406.71,400.61,843323,-0.31,403.43
20240925,405.11,403.62,406.33,401.64,804675,0.82,404.27
20240924,401.8,403.86,405.99,400.61,1000520,-0.96,402.06
20240923,405.7,406.28,409.42,404.23,957819,0.26,405.68
20240920,404.66,402.41,405.7,398.33,3447744,0.28,404.27
20240919,403.52,402.85,404.65,397.81,937950,0.91,402.26
20240918,399.89,397.45,403.76,395.19,935710,0.6,400.05
20240917,397.5,403.52,404.9,396.07,1393433,-1.47,399.39
20240916,403.43,397.0,404.33,395.72,922870,2.22,401.92
20240913,394.68,390.93,395.83,390.93,875778,0.77,394.51
20240912,391.67,385.42,392.9,385.42,1191129,0.78,390.86
20240911,388.65,384.85,398.25,384.74,1703233,0.57,388.76
20240910,386.43,385.95,389.31,384.95,909889,0.38,386.67
20240909,384.95,390.15,390.15,379.26,1514636,-0.78,385.03
20240906,387.98,399.0,403.05,386.78,2063433,-2.46,389.54
20240905,397.75,393.77,398.63,391.7,874125,0.87,395.41
20240904,394.3,396.69,397.16,392.12,828804,-0.39,394.27
20240903,395.83,396.0,397.73,393.92,919466,0.06,395.56
20240830,395.59,391.86,395.91,390.26,884271,0.71,394.2
20240829,392.79,392.0,394.09,387.98,812267,0.67,392.4
20240828,390.18,390.88,392.0,388.26,589036,0.0,389.97
20240827,390.18,388.86,391.88,387.57,758229,0.43,389.97
20240826,388.5,389.37,391.34,387.62,915740,-0.07,389.06
20240823,388.78,386.58,388.82,383.85,794790,1.48,387.45
20240822,383.12,378.8,383.87,378.8,975293,1.71,382.06
20240821,376.67,375.17,379.52,374.49,716662,0.36,377.04
20240820,375.31,375.02,377.88,373.59,678943,0.29,375.31
20240819,374.21,373.77,375.81,372.34,509894,0.12,374.31
20240816,373.77,372.12,375.33,371.33,728341,0.51,373.59
20240815,371.89,374.89,375.64,368.91,724637,0.08,371.6
20240814,371.58,370.0,374.71,369.85,842981,0.74,371.99
20240813,368.86,363.0,369.27,361.41,882998,2.06,367.69
20240812,361.4,360.32,362.97,358.5,801743,0.14,361.45
20240809,360.9,360.72,361.85,356.96,623514,0.06,360.18
20240808,360.67,352.37,360.86,352.37,809044,2.38,358.81
20240807,352.27,355.41,359.75,351.1,819789,-0.19,354.34
20240806,352.93,351.34,358.32,348.91,1123000,0.79,354.44
20240805,350.18,349.61,352.7,342.14,1409741,-1.73,349.11
20240802,356.36,362.89,365.45,352.82,1599829,-1.86,356.57
20240801,363.12,364.11,369.41,360.93,1378728,0.02,364.47
20240731,363.05,363.05,366.1,358.12,1243379,0.47,363.63
20240730,361.35,358.65,364.19,358.12,1053953,0.73,361.99
20240729,358.73,355.53,361.12,353.95,1195183,1.11,358.73
20240726,354.78,356.0,356.09,351.18,1215921,0.56,354.08
20240725,352.79,343.94,356.3,343.94,2088865,2.57,353.21
20240724,343.94,344.2,344.95,337.16,1890781,1.11,342.4
20240722,325.38,323.18,331.04,320.3,1562296,1.0,324.38
20240719,322.16,324.21,325.97,321.64,1239846,0.13,323.23
20240718,321.73,322.53,327.64,319.23,1534454,-0.39,321.82
20240717,322.98,317.9,330.84,317.43,1976518,1.28,324.68
20240716,318.91,318.81,322.03,314.29,1838285,0.61,318.86
20240715,316.98,314.8,322.37,313.82,1637359,-2.26,317.47
20240712,324.32,318.79,326.04,317.19,1235212,2.14,323.83
20240711,317.51,316.12,320.0,312.67,1673837,0.68,317.06
20240710,315.35,319.37,319.37,312.64,1267183,-0.49,314.51
20240709,316.91,316.76,320.17,314.66,1202067,0.22,317.33
20240708,316.21,321.07,321.29,313.24,1378092,-1.28,316.03
20240705,320.3,325.47,326.01,316.42,942727,-1.91,319.58
20240703,326.55,318.7,326.55,317.07,945051,2.14,323.58
20240702,319.7,317.47,321.17,314.45,1458969,1.45,318.6
20240701,315.12,321.13,324.93,313.38,2378014,-1.92,316.63
20240628,321.28,341.61,344.2,319.34,3906001,-6.41,324.83
20240627,343.29,339.73,343.73,337.02,844077,0.83,341.62
20240626,340.48,339.58,341.01,337.49,663525,0.01,339.77
20240625,340.45,342.0,342.26,337.24,691782,-0.27,339.9
20240624,341.37,340.86,342.72,338.68,845509,0.72,341.29
20240621,338.92,339.62,340.97,337.29,2061389,0.16,339.15
20240620,338.37,338.58,340.13,335.37,1002336,-0.67,337.73
20240618,340.64,335.16,341.63,334.67,736885,1.54,339.67
20240617,335.47,335.85,337.78,332.19,924688,-0.59,335.61
20240614,337.47,337.68,338.41,332.56,738421,-1.01,336.18
20240613,340.9,340.43,341.1,336.05,652423,0.03,339.86
20240612,340.81,340.59,343.53,338.74,794117,1.34,341.44
20240611,336.31,339.9,340.39,335.07,771239,-1.45,337.09
20240610,341.26,335.35,342.28,333.67,1172905,1.13,340.38
20240607,337.44,335.15,338.2,332.78,905383,0.18,336.47
20240606,336.82,336.14,338.99,333.95,922998,-0.03,336.81
20240605,336.91,334.73,337.62,331.66,647034,1.48,335.76
20240604,332.0,331.47,333.69,328.12,727536,-0.21,331.27
20240603,332.7,337.26,340.0,327.54,1096514,-2.08,332.48
20240531,339.75,335.09,339.97,331.9,2033859,1.39,336.85
20240530,335.1,327.8,336.93,326.84,1577278,3.07,334.01
20240529,325.13,316.5,332.01,315.2,1780972,2.03,326.76
20240528,318.66,318.13,318.78,315.68,826449,-0.01,317.3
20240524,318.7,317.59,319.53,316.59,763650,1.07,318.67
20240523,315.32,318.8,319.6,313.14,842409,-0.97,315.3
20240522,318.41,320.05,322.51,317.57,678284,-0.84,319.49
20240521,321.12,325.06,325.07,317.98,838607,-1.21,320.46
20240520,325.05,324.02,325.31,321.49,720999,0.68,323.74
20240517,322.86,323.6,324.18,319.99,736882,0.05,322.28
20240516,322.71,325.29,327.95,322.67,694302,-1.3,324.33
20240515,326.96,321.83,327.27,321.83,777714,2.02,326.1
20240514,320.5,318.05,322.18,316.44,950136,1.05,319.75
20240513,317.18,325.21,326.65,315.95,1232231,-2.9,318.39
20240510,326.65,322.89,327.78,322.21,1030690,1.48,325.67
20240509,321.89,309.65,322.15,309.63,1136919,4.03,318.59
20240508,309.42,314.21,314.21,307.28,1023674,-1.6,309.25
20240507,314.45,312.12,314.63,309.81,1163688,1.42,312.93
20240506,310.06,309.27,310.99,307.83,747578,0.75,309.42
20240503,307.76,312.0,314.57,307.3,1038945,-0.35,309.67
20240502,308.84,312.0,312.0,307.08,868486,-0.19,308.94
20240501,309.44,307.44,313.87,307.05,812446,-0.12,310.35
20240430,309.82,312.32,313.42,308.15,946086,-0.51,309.92
20240429,311.42,308.85,312.84,307.59,1141109,1.54,310.69
20240425,314.12,321.4,322.26,312.13,1565918,-1.54,314.51
20240424,319.02,318.83,322.0,317.7,835473,-0.13,319.23
20240423,319.43,312.35,320.22,312.35,1151769,2.94,318.59
20240422,310.31,307.26,313.1,307.01,1110507,1.7,309.78
20240419,305.11,298.64,305.91,297.35,1536082,2.73,304.24
20240418,297.0,303.01,304.61,292.97,2705099,-4.51,297.46
20240417,311.03,315.48,315.55,310.15,1511037,-0.91,311.67
20240416,313.89,323.36,323.36,311.91,1623019,-2.71,314.9
20240415,322.63,327.73,329.93,321.18,721161,-0.06,324.18
20240412,322.82,326.16,329.11,320.64,990568,-1.35,323.13
20240411,327.25,329.26,329.52,324.21,641216,-0.16,326.7
20240410,327.76,326.25,329.24,324.63,735175,-0.34,327.73
20240409,328.89,329.0,329.43,325.29,666363,0.27,327.56
20240408,328.02,326.49,329.4,325.08,1063600,-0.24,328.14
20240405,328.8,326.22,329.55,326.22,604142,1.12,328.33
20240404,325.17,334.5,335.83,324.51,749502,-2.12,327.75
20240403,332.2,329.12,332.66,328.95,790848,0.87,331.56
20240402,329.35,329.04,329.64,325.53,904576,-0.23,328.35
20240401,330.11,332.32,332.53,327.68,826074,-1.03,329.64
20240328,333.53,332.76,334.49,330.74,809941,0.55,333.22
20240327,331.69,331.02,332.58,329.46,997238,1.21,331.35
20240326,327.71,326.75,330.37,326.2,885198,0.12,328.31
20240325,327.32,330.0,331.57,327.26,755618,-0.79,328.26
20240322,329.94,328.75,330.69,327.46,702162,0.33,329.18
20240321,328.85,329.23,334.02,328.56,1039248,0.0,330.43
20240320,328.86,330.25,331.4,328.57,824231,-0.49,329.67
20240319,330.48,328.5,330.72,327.7,915465,1.01,329.44
20240318,327.17,321.97,328.17,321.7,828778,1.62,326.51
20240315,321.97,318.9,323.67,318.9,1226870,-0.87,321.88
20240314,324.78,321.74,325.05,319.25,990988,0.89,323.31
20240313,321.9,323.75,325.2,321.23,969137,-0.51,322.72
20240312,323.55,320.75,326.23,319.09,1046820,0.72,323.61
20240311,321.25,323.67,325.04,317.0,1043413,-1.27,320.4
20240308,325.37,324.45,328.74,324.45,704246,0.22,326.58
20240307,324.66,325.31,328.69,324.29,921117,0.39,325.63
20240306,323.4,317.3,324.17,316.75,1810389,2.49,322.15
20240305,315.54,315.0,317.86,312.54,980076,0.46,315.82
20240304,314.08,312.55,314.7,310.72,710447,0.67,313.48
20240301,311.98,311.59,313.99,308.47,1205813,0.09,311.76
20240229,311.7,313.96,314.03,309.57,1461160,-0.12,311.31
20240228,312.06,314.62,316.72,309.74,738475,-0.62,312.25
20240227,314.0,312.89,315.0,311.59,617753,0.26,313.12
20240226,313.2,316.0,316.5,313.08,856126,-0.68,314.15
20240223,315.36,313.75,316.98,313.75,786229,0.81,315.78
20240222,312.84,311.02,318.3,309.57,1586271,0.39,314.72
20240221,311.62,307.5,311.83,307.5,572969,0.99,309.9
20240220,308.58,306.68,309.85,306.68,774844,0.01,308.59
20240216,308.55,307.24,311.35,306.62,869056,0.29,309.24
20240215,307.66,306.89,309.31,305.8,838661,0.73,307.56
20240214,305.43,306.15,307.35,303.82,934433,0.29,305.79
20240213,304.54,306.04,308.01,301.83,993887,-1.81,304.34
20240212,310.16,306.0,311.48,303.47,1367519,1.25,308.94
20240209,306.32,305.62,307.51,305.49,767472,0.28,306.52
20240208,305.46,307.06,307.71,302.11,890004,-0.59,304.96
20240206,306.82,310.63,312.49,304.97,1251305,-1.22,307.39
20240205,310.62,308.79,312.51,308.09,860464,0.39,310.73
20240202,309.42,313.0,313.0,307.15,1227891,-1.67,310.41
20240201,314.66,303.35,314.82,303.35,1737702,3.2,311.75
20240131,304.9,303.42,309.33,302.39,2555737,1.1,306.09
20240130,301.59,300.0,304.95,296.12,2479329,5.18,301.04
20240129,286.73,282.42,287.19,281.61,1732646,1.16,284.84
20240126,283.43,287.49,288.2,281.94,929588,-0.91,284.24
20240125,286.02,280.29,286.21,279.93,1402514,2.54,283.82
20240124,278.93,285.15,286.49,278.68,1435181,-2.1,280.79
20240123,284.91,288.75,291.36,283.67,1991707,-1.18,285.62
20240122,288.31,288.59,290.97,287.03,1768544,0.19,288.88
20240119,287.77,286.09,288.09,283.42,1211044,1.04,286.69
20240118,284.82,279.01,285.87,278.5,1313978,2.5,283.37
20240117,277.88,278.65,281.94,276.5,735116,-1.05,278.47
20240116,280.82,280.66,282.22,279.41,837685,-0.49,280.58
20240112,282.19,284.65,287.23,280.94,896059,-0.12,282.36
20240111,282.53,282.5,283.95,281.28,868778,0.01,282.72
20240110,282.5,278.95,283.1,278.26,887829,1.13,281.48
20240109,279.33,280.28,281.75,278.84,759765,-0.77,279.84
20240108,281.49,276.85,281.69,276.57,829439,2.05,280.15
20240105,275.84,272.87,278.85,272.82,822569,1.0,275.93
20240104,273.1,271.86,276.75,271.13,832900,0.37,273.79
20240103,272.08,273.93,275.59,270.77,1072661,-1.18,272.57
20240102,275.32,269.5,275.43,268.8,1064753,1.71,274.22
20231229,270.68,269.89,272.29,269.72,626947,0.07,270.88
20231228,270.48,270.99,272.6,270.29,542123,-0.27,270.89
20231227,271.22,271.19,271.89,270.07,510280,-0.18,271.05
20231226,271.7,270.33,273.06,269.8,507611,0.63,271.78
20231222,269.99,269.78,270.92,268.01,566486,0.46,270.03
20231221,268.75,265.81,268.97,265.75,732567,2.0,267.92
20231220,263.47,269.19,270.35,263.22,1010420,-2.12,265.88
20231219,269.18,267.94,269.26,266.3,1388962,0.75,268.0
20231218,267.18,271.44,271.44,266.82,876979,-1.19,267.95
20231215,270.39,274.47,274.65,268.84,2642260,-1.98,270.75
20231214,275.85,271.23,276.78,271.22,2363561,2.83,275.61
20231213,268.27,262.99,268.75,261.31,1407668,2.0,265.92
20231212,263.0,262.69,263.7,260.79,1356803,0.37,262.68
20231211,262.02,256.11,262.18,255.73,1482510,1.74,260.43
20231208,257.53,254.24,258.15,253.27,1513362,1.41,256.94
20231207,253.95,253.69,254.43,252.85,806981,0.62,253.65
20231206,252.39,253.28,255.06,251.55,1004682,-0.05,252.77
20231205,252.51,255.84,256.39,252.36,975616,-1.8,253.74
20231204,257.14,250.68,257.45,250.67,1882422,1.89,256.0
20231201,252.36,250.47,253.56,250.0,974449,0.75,252.28
20231130,250.48,248.76,250.54,246.6,1750333,0.56,249.76
20231129,249.08,248.71,250.57,247.72,1401004,0.99,248.95
20231128,246.65,250.5,251.54,245.84,1536593,-1.88,247.01
20231127,251.37,251.11,253.22,250.82,1134489,-0.32,251.62
20231124,252.18,253.7,254.11,251.37,430489,-0.33,252.31
20231122,253.01,250.38,253.43,249.26,1093759,1.79,252.69
20231121,248.56,247.84,250.31,247.66,1162961,0.06,249.1
20231120,248.41,245.03,250.71,245.03,1593829,0.82,249.15
20231117,246.38,243.5,250.33,243.5,2992138,2.48,247.02
20231116,240.42,240.58,242.04,238.82,1674542,-0.27,240.13
20231115,241.07,237.57,244.84,237.57,1918694,1.47,242.33
20231114,237.58,238.19,239.89,233.23,1796777,3.3,236.8
20231113,229.99,233.52,235.76,229.28,1778980,-1.22,230.95
20231110,232.82,228.65,234.43,226.48,1535732,2.31,231.48
20231109,227.56,234.0,236.0,227.31,1267350,-1.72,230.26
20231108,231.55,234.28,236.18,231.43,1418200,-0.67,233.13
20231107,233.11,231.35,234.16,230.51,1385313,0.91,232.84
20231106,231.0,231.48,231.99,226.44,1604907,0.07,229.28
20231103,230.84,231.01,234.26,230.29,1225940,1.28,232.18
20231102,227.92,225.77,228.73,225.32,1098618,1.14,227.49
20231101,225.36,225.0,226.22,223.73,1138563,-0.34,225.25
20231031,226.14,224.1,227.03,224.1,1421866,1.25,225.76
20231030,223.34,226.55,227.18,222.23,1441758,-0.87,223.83
20231027,225.29,223.57,227.83,220.55,1311435,1.57,225.03
20231026,221.81,223.76,227.04,221.4,1504300,-1.58,222.82
20231025,225.36,230.0,231.43,224.81,1562755,-2.07,226.97
20231024,230.12,218.75,232.59,215.96,3615071,-4.49,227.94
20231023,240.94,240.91,244.24,240.51,1282464,-0.08,242.09
20231020,241.13,246.09,247.16,240.96,1146555,-1.2,242.92
20231019,244.05,243.42,247.56,242.97,1120318,0.64,244.61
20231018,242.51,243.35,245.89,242.43,1143304,-0.6,243.95
20231017,243.97,238.12,245.0,237.8,1195271,1.9,243.55
20231016,239.42,238.9,240.19,237.49,1436254,0.84,239.25
20231013,237.42,235.88,238.78,234.3,1155175,1.04,236.63
20231012,234.97,244.69,245.58,234.46,1898191,-3.73,237.11
20231011,244.07,251.73,251.73,240.93,1708399,-3.56,243.06
20231010,253.07,249.07,254.29,249.07,1070561,1.65,253.05
20231009,248.95,246.16,249.3,244.13,789068,1.45,247.51
20231006,245.38,244.65,247.36,241.77,1010630,-0.02,245.12
20231005,245.43,244.0,247.0,242.53,894816,0.85,244.56
20231004,243.36,245.51,245.66,239.94,1282139,-0.25,242.07
20231003,243.98,246.0,246.18,242.57,1001724,-1.31,244.03
20231002,247.21,245.6,247.4,244.19,1293284,0.5,246.21
20230929,245.98,250.93,250.93,244.8,1513367,-1.86,246.43
20230928,250.65,247.78,252.62,247.19,1064974,1.37,251.17
20230927,247.26,249.15,251.76,243.58,1299225,-0.48,247.02
20230926,248.46,253.26,254.42,248.42,1531649,-2.38,250.52
20230925,254.52,251.42,254.93,250.76,726646,0.89,253.82
20230922,252.27,253.17,254.37,251.35,812911,-0.46,252.46
20230921,253.44,252.77,255.28,252.67,1135890,-0.3,253.95
20230920,254.21,255.85,256.55,253.66,1081528,-0.03,254.72
20230919,254.29,255.93,257.5,252.72,1089420,-0.56,254.21
20230918,255.71,255.68,257.33,253.94,1381657,-0.22,255.41
20230915,256.28,258.59,262.61,252.32,4360781,-2.77,256.08
20230914,263.58,263.95,264.47,261.05,867018,0.42,263.35
20230913,262.49,260.27,262.77,259.89,1421955,0.62,261.75
20230912,260.87,271.15,272.66,260.79,1591587,-4.26,264.19
20230911,272.48,273.79,274.21,272.05,1007126,-0.4,272.62
20230908,273.58,271.89,277.21,271.79,982582,0.62,274.31
20230907,271.89,274.5,275.89,271.37,1223248,-0.98,272.79
20230906,274.57,273.83,276.5,273.29,779859,0.12,274.94
20230905,274.25,278.89,278.93,271.43,1230678,-2.34,274.51
20230901,280.81,279.1,281.0,278.16,921297,1.27,280.16
20230831,277.3,279.62,280.52,277.26,964060,-0.88,278.28
20230830,279.76,280.13,281.79,279.3,537494,0.15,280.34
20230829,279.35,277.79,279.93,276.14,694157,0.65,278.85
20230828,277.54,274.35,277.9,274.0,588373,1.56,276.67
20230825,273.28,273.57,276.31,272.75,879094,0.25,274.21
20230824,272.59,277.0,279.97,272.5,1002719,-1.65,275.35
20230823,277.17,276.92,277.68,275.33,754901,0.85,276.83
20230822,274.83,275.57,277.66,274.32,1595126,0.0,275.68
20230821,274.82,269.61,275.12,269.44,1264228,2.15,273.48
20230818,269.04,264.3,269.5,264.3,977401,1.29,268.46
20230817,265.61,266.12,268.73,264.35,1239745,-0.54,266.13
20230816,267.05,269.83,273.0,266.68,746186,-0.64,268.77
20230815,268.77,271.0,272.33,268.01,948874,-0.78,269.75
20230814,270.89,268.98,270.95,267.5,845796,0.49,269.87
20230811,269.58,267.16,270.76,266.17,931003,0.57,269.44
20230810,268.05,267.05,269.63,266.02,1088313,0.36,267.85
20230809,267.1,268.59,270.22,266.12,1023264,-0.19,267.19
20230808,267.61,270.93,270.93,265.95,1193775,-1.82,267.42
20230807,272.58,270.0,272.61,269.73,952883,1.45,271.67
20230804,268.69,270.05,271.69,267.81,1157373,-0.76,269.34
20230803,270.75,269.0,273.31,268.56,1081995,0.5,271.15
20230802,269.39,273.46,275.83,268.35,1168219,-1.64,270.15
20230731,272.81,275.51,275.51,270.21,1598415,-0.16,271.78
20230728,273.25,278.39,278.91,272.1,2010684,-1.11,274.11
20230727,276.32,274.0,276.7,265.12,3024957,-2.08,273.34
20230726,282.18,284.18,287.51,281.82,1936000,-1.17,283.33
20230725,285.53,284.57,286.57,281.78,3055962,0.12,285.16
20230724,285.18,285.0,287.22,283.73,1029469,0.01,285.45
20230721,285.14,287.7,289.27,284.85,1026813,-0.62,286.37
20230720,286.91,288.51,290.0,285.15,1737736,0.07,287.77
20230719,286.71,288.79,290.1,280.48,2631375,-1.05,284.92
20230718,289.74,291.62,293.17,288.39,1549507,-0.73,290.57
20230717,291.86,294.78,295.74,289.8,1799612,-1.58,291.45
20230714,296.56,296.01,300.07,295.17,1199595,0.2,296.89
20230713,295.98,295.65,299.04,294.07,1242327,0.25,297.17
20230712,295.24,295.77,296.79,293.58,1268091,0.19,295.18
20230711,294.69,297.14,297.69,292.92,812434,-0.36,294.71
20230710,295.74,291.82,295.96,291.82,735669,1.46,295.03
20230707,291.49,291.8,294.84,290.0,890156,-1.01,292.61
20230706,294.46,297.1,299.33,293.44,1198629,-1.3,295.22
20230705,298.35,296.66,300.55,295.95,869326,0.26,297.9
20230703,297.58,300.44,301.37,292.02,932864,-1.94,296.2
20230630,303.48,303.94,304.86,301.81,1276667,1.01,303.63
20230629,300.44,299.0,302.93,298.15,950382,0.31,301.09
20230628,299.52,297.39,299.78,295.83,1220646,0.65,298.53
20230627,297.6,294.0,298.48,294.0,1160518,0.93,297.46
20230626,294.87,295.88,296.82,293.65,920145,-0.18,295.26
20230623,295.4,292.77,296.98,291.6,1984036,0.34,295.49
20230622,294.4,286.49,294.47,285.48,1198014,2.59,292.4
20230621,286.98,284.36,289.2,281.76,1313812,0.59,286.55
20230620,285.3,289.36,290.65,285.04,987982,-1.65,286.75
20230616,290.08,287.6,291.71,287.6,2960148,1.47,289.75
20230615,285.89,282.94,287.38,282.32,1250183,0.59,285.49
20230614,284.2,294.86,296.89,283.42,2195641,1.55,287.13
20230613,279.85,277.56,281.0,277.12,1080961,1.31,279.45
20230612,276.24,272.3,276.41,271.71,1165933,1.64,274.47
20230609,271.79,272.87,275.0,271.62,728413,-0.62,272.89
20230608,273.49,274.13,275.2,271.7,826595,-0.01,273.79
20230607,273.53,271.8,275.41,267.78,1196556,0.86,272.96
20230606,271.19,272.53,273.24,266.69,1160099,-0.38,269.51
20230605,272.23,273.41,275.24,272.16,993281,-0.74,273.27
20230602,274.26,269.5,275.74,269.46,1030336,2.39,274.09
20230601,267.87,264.32,268.51,263.69,892431,1.39,267.03
20230531,264.19,262.1,264.45,259.18,1837724,0.0,262.88
20230530,264.18,263.54,268.86,262.61,1098836,-0.09,264.97
20230526,264.41,264.16,267.43,263.77,949648,0.12,264.97
20230525,264.09,264.94,266.57,262.55,833177,-0.31,264.47
20230524,264.9,265.43,266.45,262.09,1053680,-1.07,264.69
20230523,267.76,274.4,274.4,267.02,1168425,-3.35,269.15
20230522,277.04,282.88,284.78,276.87,1235414,-1.92,279.41
20230519,282.47,281.47,285.76,280.3,1510742,1.1,282.79
20230518,279.4,278.28,282.5,277.72,1490540,1.43,279.59
20230517,275.46,277.32,277.47,273.01,949284,-0.04,275.2
20230516,275.57,277.56,280.19,275.51,888747,-0.7,277.13
20230515,277.52,275.94,278.27,275.22,769856,0.6,277.02
20230512,275.87,278.8,280.27,274.76,1171814,-0.8,276.72
20230511,278.1,277.94,279.77,275.88,1418104,-0.16,277.44
20230510,278.54,276.1,280.25,275.41,1029870,1.64,277.85
20230509,274.05,276.8,277.14,273.01,1069353,-1.34,274.51
20230508,277.78,277.02,279.37,276.28,933817,-0.1,277.76
20230505,278.06,279.36,281.65,275.62,1215143,0.15,278.15
20230504,277.63,278.63,280.34,275.25,1427569,-0.21,277.13
20230503,278.21,281.19,282.32,277.66,938102,-0.83,279.67
20230502,280.54,282.69,283.85,277.96,1018585,-1.22,280.41
20230501,284.01,287.91,289.7,283.43,980360,-1.16,285.62
20230428,287.33,282.0,287.46,282.0,1205824,1.73,285.96
20230427,282.44,278.82,283.84,278.82,1251153,1.57,281.82
20230426,278.07,282.19,282.19,276.29,1607382,-1.39,277.89
20230425,281.99,286.22,288.99,281.32,2072414,-1.49,284.05
20230424,286.25,283.86,289.35,283.13,1892775,1.79,286.68
20230421,281.21,287.61,294.02,279.61,4082984,3.85,284.81
20230420,270.78,271.21,273.48,268.72,2227153,-0.81,270.53
20230419,272.99,270.65,273.27,269.19,2105149,0.57,270.98
20230418,271.45,272.79,274.43,270.7,1178995,0.13,271.74
20230417,271.1,273.0,273.34,269.17,1007340,-0.82,270.86
20230414,273.35,272.62,275.64,271.81,1075711,-0.02,273.2
20230413,273.41,275.01,275.43,271.26,1612420,0.38,273.74
20230412,272.38,271.83,275.48,269.14,1172082,0.29,272.98
20230411,271.59,272.94,274.08,271.08,1749257,0.22,272.33
20230410,270.99,269.26,272.07,268.51,1006813,0.15,270.54
20230406,270.59,271.3,272.56,269.49,912075,-0.27,271.12
20230405,271.31,266.7,271.75,266.0,1070616,1.53,270.29
20230404,267.23,264.95,267.26,263.87,1103098,1.16,265.61
20230403,264.16,262.94,264.84,261.39,814959,0.18,263.54
20230331,263.68,260.74,263.68,260.07,1211793,1.63,262.18
20230330,259.44,259.99,261.97,259.19,913031,0.81,260.33
20230329,257.36,256.93,258.17,254.76,1148707,1.13,256.85
20230328,254.48,253.16,255.73,253.16,608959,0.03,254.53
20230327,254.41,257.67,258.81,253.78,959272,0.07,254.82
20230324,254.22,251.53,254.27,249.96,1021403,0.57,252.53
20230323,252.77,253.9,256.87,250.44,979187,-0.63,253.43
20230322,254.38,259.38,261.72,254.15,837832,-1.67,258.91
20230321,258.69,258.46,259.16,256.0,870343,0.88,257.85
20230320,256.44,251.83,258.64,251.33,1457936,2.31,257.1
20230317,250.66,253.9,254.66,250.51,1123222,-1.46,251.84
20230316,254.38,244.7,255.32,244.7,1210000,2.79,253.04
20230315,247.47,245.27,247.61,244.25,1325591,-1.28,246.33
20230314,250.69,250.61,253.23,248.12,1225431,1.47,250.66
20230313,247.07,243.57,249.96,241.33,1057413,0.19,247.17
20230310,246.6,251.84,254.35,245.21,1195929,-2.19,248.53
20230309,252.13,253.12,257.29,251.07,2521993,0.28,254.4
20230308,251.43,244.98,252.97,244.98,1953363,2.49,251.15
20230307,245.33,252.35,252.56,244.75,1006483,-2.54,246.97
20230306,251.73,249.5,252.41,247.95,995961,0.7,251.16
20230303,249.99,245.19,250.56,244.86,1185974,2.56,248.3
20230302,243.75,242.18,244.06,241.32,1035049,-0.23,243.01
20230301,244.3,241.81,245.19,240.0,916554,0.35,243.64
20230228,243.45,245.86,247.52,241.95,2781774,-1.85,243.68
20230227,248.04,252.73,252.73,246.31,1265287,-0.44,248.54
20230224,249.14,249.49,250.33,245.89,1624297,-1.13,248.14
20230223,251.98,253.79,256.09,251.1,1681184,-0.83,252.37
20230222,254.1,256.25,257.7,253.66,960289,-0.78,255.41
20230221,256.09,259.59,261.63,255.57,947846,-2.57,257.09
20230217,262.84,262.27,264.1,261.72,878789,-0.12,262.91
20230216,263.15,256.0,263.6,255.93,1026931,1.59,261.76
20230215,259.04,257.17,259.66,256.54,697423,0.05,258.57
20230214,258.9,259.48,262.38,257.3,817149,-0.47,259.21
20230213,260.12,258.25,260.89,257.59,792292,1.36,260.01
20230210,256.62,255.55,257.91,255.23,1024626,0.16,256.77
20230209,256.2,258.5,260.37,255.58,727585,-0.08,257.58
20230208,256.4,255.88,258.79,255.08,737527,0.46,257.07
20230207,255.23,251.91,256.19,251.21,851062,0.67,254.23
20230206,253.52,255.63,256.26,252.71,887670,-1.77,253.92
20230203,258.08,257.99,260.16,256.28,936446,0.03,257.87
20230202,257.99,260.37,263.62,257.66,1364288,-1.33,259.39
20230201,261.46,252.08,264.62,250.24,1573713,2.51,259.42
20230131,255.07,253.68,255.07,251.06,1914223,0.7,253.5
20230130,253.3,256.53,257.4,251.05,1486764,-0.58,253.91
20230127,254.77,248.66,259.86,244.42,1918589,-0.03,254.59
20230126,254.85,254.96,255.6,249.47,1799151,0.48,252.53
20230125,253.64,251.7,253.66,249.53,1695636,0.38,252.12
20230124,252.68,263.89,265.35,252.09,2223195,-4.22,256.18
20230123,263.81,262.11,269.09,262.11,1888150,0.92,265.52
20230120,261.4,257.35,261.59,253.84,1227352,1.72,259.43
20230119,256.98,255.84,260.12,252.72,1713825,0.09,256.36
20230118,256.76,258.68,262.7,256.42,1812725,-0.6,259.23
20230117,258.32,258.88,260.97,257.4,1881936,-0.21,258.82
20230113,258.87,254.35,259.75,253.56,1038822,1.46,258.12
20230112,255.15,254.0,257.43,251.96,1388725,1.12,255.38
20230111,252.32,251.24,253.12,247.0,1170748,0.77,250.83
20230110,250.4,249.08,250.47,247.84,671136,0.24,249.7
20230109,249.79,254.09,255.44,249.44,1544333,-1.86,251.48
20230106,254.52,253.45,255.79,249.51,1163980,1.69,254.03
20230105,250.3,247.77,251.2,246.48,1353794,0.57,249.27
20230104,248.88,244.53,248.99,243.92,1186393,2.33,247.3
20230103,243.21,241.67,245.94,239.44,1058314,1.35,242.05
20221230,239.96,238.81,240.54,237.95,710092,-0.17,239.44
20221229,240.38,238.26,241.94,236.71,567550,1.68,240.39
20221228,236.4,240.73,241.5,236.27,601734,-1.51,237.73
20221227,240.03,240.85,242.03,238.94,532048,-0.29,240.33
20221223,240.74,240.34,241.71,239.12,592214,-0.17,240.12
20221222,241.15,240.36,241.48,236.69,961587,-0.72,239.91
20221221,242.9,240.4,243.9,240.18,783970,1.9,242.74
20221220,238.36,238.13,243.26,237.12,1093519,-0.13,239.67
20221219,238.67,238.41,241.95,236.71,871885,-0.16,239.6
20221216,239.05,235.81,239.98,234.03,2206230,-0.27,238.36
20221215,239.7,241.64,241.67,238.92,1280337,-2.04,239.92
20221214,244.7,243.78,247.29,241.55,1151527,0.66,244.86
20221213,243.1,249.0,249.0,240.52,1188670,0.15,243.77
20221212,242.73,238.67,243.26,237.59,1162217,2.16,241.6
20221209,237.59,240.96,241.12,236.8,823835,-1.63,239.08
20221208,241.53,238.01,242.27,238.01,1187951,1.44,241.12
20221207,238.11,236.8,240.9,236.29,972719,0.63,238.7
20221206,236.62,234.26,238.87,233.78,1260806,0.54,236.24
20221205,235.35,235.53,237.29,234.0,740352,-1.54,235.57
20221202,239.03,234.79,240.01,234.33,797475,0.23,238.43
20221201,238.47,242.82,243.48,238.32,1202528,-0.73,239.83
20221130,240.22,235.89,240.83,233.98,2321896,1.87,239.23
20221129,235.81,233.91,238.3,232.87,774783,0.62,236.51
20221128,234.35,238.1,238.6,232.82,1070805,-2.1,234.54
20221125,239.37,238.97,241.23,237.41,385133,0.88,239.73
20221123,237.28,235.37,238.24,234.23,973521,1.08,236.48
20221122,234.74,231.48,235.72,230.83,1543173,2.51,233.49
20221121,228.99,228.45,231.74,227.59,1433530,-0.47,229.79
20221118,230.08,230.83,233.16,228.57,1085817,1.22,230.39
20221117,227.3,227.34,228.78,224.84,1271016,-1.6,226.86
20221116,231.0,227.75,233.34,226.52,2010768,0.85,230.4
20221115,229.05,224.85,229.05,224.0,1565459,2.89,227.16
20221114,222.62,224.68,226.78,222.62,1224225,-0.65,224.44
20221111,224.08,222.47,224.73,219.74,1333650,0.71,222.79
20221110,222.5,216.48,222.84,215.49,1334271,6.45,220.92
20221109,209.01,210.01,213.68,207.54,1219760,-1.26,210.56
20221108,211.67,213.8,215.18,209.58,1229606,-1.2,212.5
20221107,214.24,212.78,215.72,210.95,1217262,1.1,213.67
20221104,211.91,214.25,214.99,207.24,1647641,-0.39,210.48
20221103,212.75,211.72,213.99,208.3,1485941,-0.5,212.5
20221102,213.82,219.22,221.41,213.68,1292001,-3.31,216.88
20221101,221.13,218.92,222.14,216.66,1084833,1.68,220.4
20221031,217.47,221.0,223.28,217.22,1412197,-2.77,218.66
20221028,223.66,218.0,224.55,216.0,1390403,2.7,222.78
20221027,217.77,218.96,222.48,217.47,1642446,0.13,219.78
20221026,217.48,216.41,223.71,216.41,1481500,1.44,218.96
20221025,214.4,210.36,220.14,209.59,2328646,1.92,216.18
20221024,210.36,198.79,210.85,198.02,3203007,6.97,206.53
20221021,196.66,183.58,198.08,178.32,6287664,-5.73,190.65
20221020,208.61,209.68,213.91,207.42,2436355,-0.28,209.89
20221019,209.19,208.9,209.83,206.95,1007619,-0.4,208.55
20221018,210.02,212.36,213.53,208.71,1459022,1.8,210.35
20221017,206.31,204.79,208.34,203.96,958937,2.4,206.26
20221014,201.47,208.24,208.58,200.72,1118809,-2.2,203.33
20221013,206.0,197.0,207.78,195.24,1313954,2.75,204.18
20221012,200.49,202.73,203.59,200.3,1138553,-1.09,201.72
20221011,202.69,199.05,205.47,197.96,1728213,1.81,202.78
20221010,199.09,201.33,202.89,198.05,1099293,-0.68,199.77
20221007,200.46,199.83,200.74,195.97,1303089,-0.53,199.62
20221006,201.53,201.83,205.0,200.39,1115868,-0.5,202.42
20221005,202.54,200.69,203.76,198.51,1280387,-0.67,201.55
20221004,203.9,196.74,204.27,196.6,1814106,5.51,202.74
20221003,193.26,187.13,194.91,184.97,1526299,5.15,191.99
20220930,183.79,188.44,189.02,183.61,1329141,-2.07,185.53
20220929,187.68,187.63,189.03,183.44,1127398,-1.19,186.63
20220928,189.94,186.06,190.94,184.61,1724808,3.05,188.67
20220927,184.31,189.34,191.65,183.79,1616656,-1.56,185.85
20220926,187.24,190.9,192.82,185.15,1380700,-2.22,187.92
20220923,191.5,191.82,192.22,187.7,1294343,-1.32,189.74
20220922,194.06,198.1,198.1,193.55,1071820,-2.4,194.89
20220921,198.84,203.68,206.05,198.75,896036,-1.45,202.62
20220920,201.76,206.43,207.21,200.77,1278380,-3.18,202.81
20220919,208.39,206.39,208.49,204.64,1039022,-0.61,207.19
20220916,209.67,210.36,210.47,206.41,4048006,0.33,209.27
20220915,208.97,208.16,212.24,207.94,1027607,0.1,209.98
20220914,208.76,212.26,212.26,205.82,1317470,-1.55,208.68
20220913,212.04,217.9,218.95,211.51,1458875,-4.64,214.26
20220912,222.36,219.44,222.41,218.92,1505205,1.21,221.02
20220909,219.7,217.0,221.68,216.22,1940337,1.61,219.86
20220908,216.21,211.25,216.33,210.0,1361442,1.91,214.68
20220907,212.16,200.17,213.71,200.17,1795676,5.7,209.92
20220906,200.71,200.72,204.12,198.05,1665421,0.34,201.46
20220902,200.03,202.54,204.97,198.58,1033533,0.29,201.55
20220901,199.45,196.37,199.54,192.71,1303145,0.8,196.53
20220831,197.87,202.88,202.88,197.22,1867883,-1.94,198.58
20220830,201.78,204.59,205.17,200.29,1043359,-1.13,201.78
20220829,204.08,203.52,205.6,200.53,842721,-0.44,204.1
20220826,204.98,213.54,213.6,204.32,1004489,-4.02,206.96
20220825,213.56,210.97,213.66,209.42,912295,1.49,212.19
20220824,210.42,210.43,212.74,209.04,1062163,0.08,210.8
20220823,210.25,211.43,214.27,208.85,1065338,-1.01,210.8
20220822,212.39,211.73,216.07,211.29,1179205,-1.23,213.61
20220819,215.03,214.39,217.69,213.82,1068773,0.0,215.52
20220818,215.04,210.2,215.89,209.78,1419841,2.89,214.17
20220817,208.99,210.2,211.28,208.46,859444,-1.82,209.32
20220816,212.87,215.3,216.56,211.19,1194252,-1.77,213.21
20220815,216.7,217.03,218.79,215.46,902834,-1.0,216.82
20220812,218.89,217.45,219.02,216.92,715184,1.09,218.27
20220811,216.52,217.57,219.68,216.15,985409,-0.09,217.79
20220810,216.72,213.59,217.7,212.29,1108273,3.17,215.84
20220809,210.07,210.69,212.12,209.13,805215,-0.6,210.16
20220808,211.34,213.8,214.74,210.18,909790,-0.69,211.62
20220805,212.81,210.69,215.71,210.69,906056,0.04,212.96
20220804,212.72,215.24,217.04,212.31,1088302,-1.73,214.68
20220803,216.47,213.67,217.82,212.13,1436539,2.36,216.01
20220802,211.47,211.41,214.57,210.34,1350554,0.27,212.86
20220801,210.91,210.31,213.41,209.43,1073961,-0.71,211.18
20220729,212.42,208.77,213.07,208.39,1495220,1.26,211.68
20220728,209.78,204.5,211.72,203.4,1691451,2.5,209.12
20220727,204.66,203.12,206.52,202.03,1598334,0.35,204.29
20220726,203.94,198.43,204.21,198.43,1789796,2.67,202.44
20220725,198.63,201.95,207.41,197.33,2944413,-1.68,200.63
20220722,202.03,210.01,211.99,201.8,5482274,11.43,205.61
20220721,181.31,179.17,182.93,178.6,1790271,1.4,180.7
20220720,178.81,177.75,179.69,176.86,1366963,0.35,178.49
20220719,178.18,174.77,178.75,173.49,1340287,3.78,177.28
20220718,171.69,172.51,173.9,171.22,1127448,0.05,172.4
20220715,171.61,170.93,171.78,167.64,1192461,2.46,170.82
20220714,167.49,166.67,167.87,164.47,1292920,-1.07,166.44
20220713,169.31,168.54,171.2,167.52,1164688,-0.47,169.65
20220712,170.11,167.8,172.55,167.45,1846375,0.43,170.6
20220711,169.39,171.65,172.11,169.25,1522336,-1.86,170.23
20220708,172.6,174.6,177.57,172.53,1465680,-1.18,174.24
20220707,174.66,168.92,175.24,168.76,1819922,5.22,173.18
20220706,165.99,168.33,169.26,165.94,2081049,-3.82,167.32
20220705,172.58,173.32,173.59,169.54,1316671,-1.42,171.25
20220701,175.06,168.54,175.84,168.08,1383835,4.17,172.96
20220630,168.06,169.52,170.13,165.88,5184567,-4.33,167.9
20220629,175.67,177.03,178.41,173.72,1617233,-0.09,175.77
20220628,175.82,180.07,181.97,174.35,2530635,-2.22,177.27
20220627,179.82,183.0,183.68,178.91,1366657,-1.38,180.56
20220624,182.33,177.72,183.13,177.72,4778879,2.76,181.84
20220623,177.44,177.85,178.79,174.98,1628950,0.48,176.85
20220622,176.59,173.25,177.84,172.85,1587709,1.56,176.2
20220621,173.87,176.82,177.13,170.28,2360957,0.44,173.02
20220617,173.1,171.32,176.66,170.74,5993324,0.9,173.48
20220616,171.56,176.8,176.85,169.13,2572083,-5.58,171.5
20220615,181.69,179.25,183.83,177.69,2530273,1.34,181.76
20220614,179.28,185.2,185.39,178.8,3828636,-3.49,181.1
20220613,185.77,191.19,193.07,185.06,2416307,-5.57,188.31
20220610,196.72,197.78,199.68,195.89,1863410,-2.26,197.78
20220609,201.26,204.54,207.16,201.02,1200024,-2.17,203.51
20220608,205.73,206.0,208.34,205.23,1169515,-0.86,206.27
20220607,207.52,202.6,208.84,202.6,1319285,1.32,206.6
20220606,204.82,207.41,208.88,203.95,1527763,-1.33,205.94
20220603,207.59,209.73,212.02,207.31,1149212,-1.7,208.5
20220602,211.18,207.71,211.42,203.6,2214430,2.04,209.31
20220601,206.95,212.51,212.51,205.44,1825145,-1.64,207.55
20220531,210.4,212.95,215.23,209.89,3248533,-2.39,211.9
20220527,215.55,213.71,216.56,213.71,1640462,1.78,215.35
20220526,211.79,208.73,213.16,207.86,1178647,2.73,211.38
20220525,206.16,204.09,212.03,203.36,2151841,0.68,207.18
20220524,204.76,205.0,205.3,200.9,1122874,-0.14,203.84
20220523,205.04,206.1,207.74,202.62,1389322,0.13,205.45
20220520,204.78,204.09,206.94,198.69,1479592,0.81,202.5
20220519,203.13,204.25,206.29,199.54,2259976,-1.77,202.95
20220518,206.8,212.78,212.78,205.16,2376494,-4.25,207.07
20220517,215.97,213.85,216.78,209.96,1542580,2.05,214.71
20220516,211.64,213.91,215.08,210.83,1684770,-1.53,212.73
20220513,214.92,215.81,220.2,214.27,1616702,0.52,216.29
20220512,213.8,207.5,214.03,206.86,2614021,2.04,211.91
20220511,209.53,223.99,228.01,208.44,2962346,-6.66,216.38
20220510,224.49,226.2,229.26,221.82,1687634,0.17,225.27
20220509,224.1,225.0,227.09,221.88,1680527,-1.43,224.34
20220506,227.35,221.3,229.0,219.51,1679186,1.41,226.58
20220505,224.19,226.3,229.19,219.29,2167107,-0.27,222.85
20220504,224.8,218.85,226.11,216.18,2085858,3.93,222.43
20220503,216.3,210.59,218.65,209.94,1839118,2.6,215.96
20220502,210.82,214.48,215.86,208.0,2100881,-1.74,210.63
20220429,214.55,216.61,221.78,214.23,2048512,-2.01,216.85
20220428,218.94,212.98,220.22,211.47,2194817,3.16,216.37
20220427,212.23,213.13,218.54,209.48,2666834,-1.26,214.18
20220426,214.94,207.2,219.0,204.73,5892731,2.11,212.44
20220425,210.5,208.52,216.29,207.51,4733621,-0.07,211.4
20220422,210.64,241.58,242.0,209.18,8886809,-21.82,220.39
20220421,269.44,273.98,279.02,269.11,2384045,-2.08,273.42
20220420,275.16,263.69,275.96,263.53,1681583,5.04,273.35
20220419,261.96,261.02,263.14,259.4,1069638,0.79,261.88
20220418,259.91,259.16,262.86,258.85,895156,-0.39,260.69
20220414,260.94,259.53,263.35,259.4,1045896,0.89,261.07
20220413,258.64,261.25,262.15,257.2,1062368,-0.86,258.78
20220412,260.89,259.58,261.47,257.83,1126379,1.05,260.13
20220411,258.18,258.89,261.0,256.64,1453016,-0.2,258.32
20220408,258.69,253.83,260.17,250.69,1610945,1.59,257.07
20220407,254.63,249.71,256.62,249.71,1651839,1.66,254.62
20220406,250.48,242.44,250.71,241.9,1654867,2.82,248.42
20220405,243.61,242.44,248.38,242.44,1590228,-0.81,245.08
20220404,245.59,250.38,251.18,244.3,1424895,-2.06,246.17
20220401,250.75,251.0,254.35,250.37,1174155,0.05,251.37
20220331,250.62,253.57,255.45,250.53,1634627,-1.7,252.53
20220330,254.96,263.21,264.05,253.35,1529764,-3.3,256.21
20220329,263.65,264.4,265.55,262.04,1076037,-0.29,263.59
20220328,264.41,259.8,264.45,258.76,1228541,1.66,263.11
20220325,260.08,260.78,261.72,255.96,1560523,-0.2,258.68
20220324,260.6,261.83,263.09,259.45,1479805,0.0,260.91
20220323,260.61,258.94,262.16,257.63,1387264,0.1,260.46
20220322,260.35,262.9,263.52,259.17,1633600,-0.46,260.96
20220321,261.56,261.69,266.33,259.11,1516221,0.34,261.66
20220318,260.68,268.59,268.59,256.99,2558922,-2.36,260.93
20220317,266.97,266.45,268.43,264.03,1500604,0.23,266.8
20220316,266.35,268.0,269.84,263.09,2094360,-0.31,265.43
20220315,267.17,264.48,268.02,263.07,2013371,2.2,266.25
20220314,261.43,269.36,270.89,259.1,2314643,-2.09,263.01
20220311,267.0,266.45,272.26,266.45,1352930,-0.04,269.31
20220310,267.1,261.41,268.24,261.41,1445924,1.04,266.52
20220309,264.36,263.61,268.48,262.78,1193585,2.45,265.47
20220308,258.03,259.82,265.94,257.99,1402308,-0.69,261.18
20220307,259.82,263.54,264.39,257.61,1452640,-2.11,260.57
20220304,265.41,260.17,266.01,258.43,1351031,0.49,263.09
20220303,264.11,263.0,266.21,260.76,1677829,1.14,263.78
20220302,261.13,254.0,263.81,252.67,1673065,3.45,260.94
20220301,252.42,250.18,253.27,247.32,1205814,0.84,251.35
20220228,250.31,246.46,250.51,241.46,1602218,-1.18,248.92
20220225,253.29,244.86,254.2,244.86,1159225,3.99,252.27
20220224,243.56,236.01,244.16,234.68,1475968,0.74,240.2
20220223,241.78,245.53,245.53,240.83,1016988,-1.04,242.78
20220222,244.33,241.85,246.04,241.0,1192231,0.09,244.16
20220218,244.1,250.05,254.81,243.06,1496746,-2.67,247.23
20220217,250.8,250.77,255.93,249.61,1375635,-0.47,252.22
20220216,251.99,242.27,252.81,241.01,1945109,3.96,248.62
20220215,242.39,238.67,242.6,237.51,1093848,2.96,241.22
20220214,235.42,239.03,241.21,234.07,1071434,-0.91,236.26
20220211,237.57,240.1,242.56,236.56,1086791,-1.02,238.96
20220210,240.01,240.46,247.02,238.35,1200544,-1.4,242.32
20220209,243.42,240.87,244.87,240.86,938668,1.65,243.62
20220208,239.48,232.72,240.25,231.67,1741809,3.04,237.88
20220207,232.41,238.58,239.49,230.66,1426078,-2.79,232.83
20220204,239.08,238.8,242.07,234.9,1410098,-0.74,239.03
20220203,240.86,239.82,243.97,238.63,1044075,0.03,241.64
20220202,240.79,236.67,242.26,236.35,1082245,1.46,240.54
20220201,237.33,241.19,243.0,235.41,1971408,-1.13,237.75
20220131,240.05,235.0,242.28,234.23,2487415,1.45,239.84
20220128,236.61,229.01,236.66,228.71,1941655,3.39,233.09
20220127,228.85,220.5,232.01,220.5,3113261,-4.65,228.45
20220126,240.0,240.11,246.78,236.89,2451000,0.37,240.86
20220125,239.11,239.97,241.89,236.79,1722496,-1.84,239.32
20220124,243.6,234.3,244.38,231.76,1826634,2.38,237.95
20220121,237.93,240.48,241.38,237.46,1632467,-1.18,238.84
20220120,240.76,246.55,248.13,239.55,1898160,-1.86,243.79
20220119,245.33,249.71,251.08,244.68,1365613,-1.37,246.84
20220118,248.73,254.05,255.57,247.66,1508073,-3.22,250.5
20220114,257.0,252.53,257.33,252.25,1211577,1.02,255.59
20220113,254.41,249.92,258.24,249.42,1139064,2.05,254.93
20220112,249.3,250.91,253.7,248.05,1099017,-0.41,250.03
20220111,250.33,247.75,250.68,240.29,1544457,0.34,246.63
20220110,249.47,253.65,255.18,246.16,1260468,-1.09,248.42
20220107,252.21,253.97,256.16,251.47,1657942,-0.9,252.94
20220106,254.51,258.95,259.15,253.1,1752716,-1.72,255.62
20220105,258.97,261.28,269.75,258.71,1364423,-0.5,263.66
20220104,260.27,255.29,260.97,253.66,2365503,2.44,258.12
20220103,254.08,256.68,256.68,252.0,1514451,-1.11,253.82
20211231,256.92,257.83,259.64,256.71,931355,-0.46,257.29
20211230,258.11,259.09,260.67,257.92,617335,-0.15,259.09
20211229,258.49,257.09,260.75,257.09,642106,0.67,258.84
20211228,256.76,254.68,257.98,252.97,702238,1.18,256.82
20211227,253.77,252.52,254.57,251.74,789407,0.68,253.08
20211223,252.05,253.57,255.0,251.46,822202,-0.01,253.01
20211222,252.07,247.54,252.89,246.79,1281041,2.04,251.02
20211221,247.03,242.18,248.74,242.18,1587816,0.57,246.41
20211220,245.62,250.92,251.87,240.98,1634416,-3.22,244.79
20211217,253.79,253.55,256.22,250.98,3796013,-0.07,253.93
20211216,253.98,255.0,256.78,253.0,1729030,0.06,254.86
20211215,253.83,245.39,253.85,245.39,1738798,3.56,251.03
20211214,245.11,241.92,246.35,240.25,2050753,0.41,245.04
20211213,244.1,243.1,245.48,242.47,1188087,0.23,244.29
20211210,243.55,242.82,245.36,240.62,1241769,0.87,242.54
20211209,241.44,239.64,243.06,238.4,983491,0.39,241.62
20211208,240.51,239.65,241.24,237.34,1102384,0.8,239.84
20211207,238.6,236.48,241.5,235.42,1237403,2.07,239.38
20211206,233.77,231.5,235.59,230.26,1559626,1.63,233.38
20211203,230.03,233.95,233.95,228.58,1396519,-0.87,230.14
20211202,232.06,227.18,234.25,227.18,1723998,2.86,231.97
20211201,225.61,229.59,234.41,225.52,1760944,0.01,229.64
20211130,225.59,228.84,230.67,224.72,3290111,-1.88,226.69
20211129,229.92,233.29,235.94,229.32,1610276,-0.47,231.74
20211126,231.0,235.01,236.65,229.63,1275488,-3.69,231.88
20211124,239.85,241.07,243.45,239.53,1038461,-0.75,240.42
20211123,241.67,240.87,242.93,238.42,1026495,0.52,240.63
20211122,240.43,240.06,243.55,239.38,1249593,0.57,241.35
20211119,239.06,242.56,244.48,238.1,1091529,-1.72,239.94
20211118,243.25,243.7,243.86,241.27,878258,-0.25,242.93
20211116,241.72,243.16,244.42,241.56,1065304,-0.35,242.64
20211115,242.56,245.72,246.23,242.36,983661,-1.1,244.06
20211112,245.27,244.65,247.58,244.0,731795,0.52,245.8
20211111,243.99,245.3,246.62,240.71,1101093,-0.52,243.18
20211110,245.27,245.03,247.79,244.0,877298,-0.35,245.42
20211109,246.14,248.11,250.24,245.54,1006059,-0.6,246.84
20211108,247.63,249.54,249.95,244.92,1228584,-0.26,247.88
20211105,248.27,244.98,253.16,244.97,1822752,0.35,249.63
20211104,247.41,250.0,252.66,245.08,1167470,-1.04,247.82
20211103,250.0,247.19,250.0,245.51,1158206,0.63,248.22
20211102,248.44,251.96,252.83,248.13,1085693,-1.02,249.93
20211101,250.99,251.33,253.01,250.09,1096322,0.21,251.21
20211029,250.46,250.37,253.0,248.37,1148029,-0.08,251.08
20211028,250.67,247.2,253.02,246.36,1346976,2.16,250.59
20211027,245.37,240.81,246.85,240.81,1702328,1.64,245.6
20211026,241.4,240.86,242.18,237.36,1907406,-0.17,239.84
20211025,241.81,254.22,254.22,240.84,2130449,-4.46,244.27
20211022,253.11,246.52,257.88,243.03,2809116,-2.65,250.71
20211021,260.0,255.28,260.18,249.87,1872623,3.64,256.59
20211020,250.86,249.78,253.45,249.78,1098746,0.88,251.72
20211019,248.68,248.15,251.51,248.06,888628,0.85,249.77
20211018,246.59,246.1,247.66,243.96,904465,-0.12,246.37
20211015,246.88,244.09,248.55,243.31,1120662,1.8,246.69
20211014,242.51,241.22,244.46,240.49,1143651,1.46,243.05
20211013,239.01,239.51,241.07,236.99,1165739,-0.03,239.31
20211012,239.07,238.46,240.4,237.35,1070614,0.65,238.97
20211011,237.52,240.02,241.83,237.17,908287,-1.21,239.35
20211008,240.42,242.23,244.15,240.24,817331,-0.77,241.42
20211007,242.28,240.35,243.58,240.04,1511967,1.15,242.31
20211006,239.53,241.07,242.0,236.03,1158605,-1.47,238.79
20211005,243.11,244.84,247.55,242.92,1395618,-0.52,244.49
20211004,244.38,247.8,250.8,243.32,1263930,-1.38,245.5
20211001,247.79,243.87,249.51,243.01,1785440,2.09,247.12
20210930,242.72,253.17,253.72,242.54,2092079,-3.76,246.06
20210929,252.21,252.88,254.11,251.64,1818642,0.16,252.89
20210928,251.8,253.71,256.19,251.26,1643043,-1.47,253.21
20210927,255.55,256.77,259.78,255.32,1481473,-0.3,257.06
20210924,256.33,256.68,259.24,255.89,1168127,0.31,257.06
20210923,255.53,259.97,259.97,255.38,1762277,-1.05,257.31
20210922,258.25,257.82,260.25,256.05,1213424,0.94,258.92
20210921,255.84,257.0,260.68,255.83,1411236,0.32,257.66
20210920,255.03,254.42,256.98,252.15,1216683,-1.43,254.42
20210917,258.74,261.37,263.92,258.07,5735734,-1.11,259.2
20210916,261.64,257.48,262.75,256.05,1750767,2.02,260.57
20210915,256.45,254.03,257.4,251.31,1337670,0.7,255.82
20210914,254.67,258.7,258.97,254.35,1402595,-1.17,255.53
20210913,257.69,258.96,259.47,255.96,1129029,0.39,257.35
20210910,256.7,259.89,260.77,255.68,1111972,-0.6,257.38
20210909,258.26,254.25,261.8,253.95,2142661,1.51,259.29
20210908,254.43,251.38,256.53,249.71,1389519,0.91,254.08
20210907,252.13,250.96,253.26,248.4,1764636,-0.32,251.07
20210903,252.95,252.3,254.1,251.09,605665,-0.13,252.98
20210902,253.28,253.42,254.88,252.98,803425,0.25,253.72
20210901,252.66,254.22,255.0,251.27,955561,-0.13,253.07
20210831,252.98,253.36,257.42,252.07,1812006,-0.2,253.73
20210830,253.49,252.55,255.08,251.57,599117,0.65,254.08
20210827,251.85,252.5,253.41,250.55,904587,0.32,252.22
20210826,251.04,251.59,253.17,250.04,917056,-0.42,251.51
20210825,252.09,250.16,255.28,249.24,1110472,1.05,253.16
20210824,249.48,249.58,251.65,249.37,817310,-0.07,250.3
20210823,249.65,250.24,251.79,249.44,982070,0.12,250.44
20210820,249.34,246.6,250.66,246.6,1006874,1.15,249.48
20210819,246.5,241.05,247.27,239.84,1061648,1.66,245.8
20210818,242.47,243.36,246.67,242.2,1224375,-1.04,244.13
20210817,245.03,244.53,247.58,243.72,1087426,-0.52,245.08
20210816,246.31,242.6,246.59,242.2,897579,1.37,245.57
20210813,242.98,242.52,244.02,242.05,830429,0.18,242.94
20210812,242.54,237.0,244.44,236.11,1119537,0.57,242.2
20210811,241.16,240.81,241.71,236.42,1250203,0.21,240.01
20210810,240.66,246.0,248.46,239.72,1964082,-3.21,243.09
20210809,248.64,249.0,249.99,247.52,694698,-0.59,248.79
20210806,250.12,249.98,252.51,249.67,865427,0.43,250.66
20210805,249.06,249.24,250.5,244.31,1137481,0.32,247.47
20210804,248.26,252.2,255.13,248.02,1528187,-2.07,250.37
20210803,253.51,251.94,254.2,247.42,1269162,1.0,252.38
20210802,251.0,248.85,251.81,248.41,1154183,1.13,250.58
20210730,248.2,247.04,249.79,246.47,1254845,0.12,248.37
20210729,247.9,247.17,249.48,246.86,1092402,0.8,248.11
20210728,245.93,247.41,247.57,242.71,1104483,-0.71,245.69
20210727,247.69,245.66,250.78,244.01,1547686,0.79,247.93
20210726,245.76,247.55,248.42,240.82,1627730,-1.09,243.91
20210723,248.46,248.71,250.34,246.35,1476868,0.68,248.5
20210722,246.79,249.41,250.0,245.73,1702612,-0.99,247.34
20210721,249.25,250.99,254.45,248.31,2425684,0.14,250.8
20210720,248.9,239.1,252.0,237.68,4821391,14.37,246.67
20210719,217.63,216.05,219.23,214.61,1592279,-0.72,217.08
20210716,219.2,220.98,221.63,218.99,1038224,-0.49,220.06
20210715,220.29,217.02,220.96,217.02,1121103,0.7,219.61
20210714,218.75,220.0,220.82,217.98,1222853,-0.22,219.08
20210713,219.23,220.0,220.92,218.12,862955,-0.5,219.53
20210712,220.34,217.48,221.71,216.65,1095606,0.71,220.38
20210709,218.79,216.33,219.96,215.22,906621,2.21,218.61
20210708,214.05,213.62,215.31,211.63,976859,-1.33,213.94
20210707,216.93,214.57,217.42,214.28,968325,0.97,216.44
20210706,214.84,214.05,214.91,211.45,960245,0.0,213.81
20210702,214.85,211.47,215.19,210.43,828793,1.43,213.99
20210701,211.83,207.42,212.5,207.16,1446678,2.46,211.55
20210630,206.74,205.49,206.96,204.44,1436187,0.42,205.81
20210629,205.88,208.55,209.82,205.41,915355,-0.5,206.78
20210628,206.92,207.32,207.68,205.51,1095017,-0.34,206.84
20210625,207.62,204.84,208.46,203.75,2645895,1.56,207.44
20210624,204.43,208.28,208.28,204.07,1286403,-0.83,204.88
20210623,206.15,209.65,209.94,206.02,1051528,-1.76,207.13
20210622,209.84,207.47,211.01,207.15,1126712,0.84,209.85
20210621,208.09,202.9,208.44,201.9,964173,3.34,207.21
20210618,201.36,202.87,204.15,200.42,2573094,-2.82,201.79
20210617,207.21,207.48,209.14,204.13,1233989,0.22,206.87
20210616,206.76,208.63,210.29,206.53,1337662,-1.34,207.76
20210615,209.56,207.7,211.15,206.85,856458,0.82,208.91
20210614,207.86,210.77,211.2,205.95,1472069,-1.81,207.58
20210611,211.69,210.42,211.95,209.6,699884,0.76,210.92
20210610,210.1,209.5,212.41,208.81,1091583,0.86,210.24
20210609,208.31,210.57,210.99,208.21,1090315,-0.73,209.23
20210608,209.84,211.84,212.23,208.81,1315393,-0.96,210.1
20210607,211.87,214.16,215.22,211.53,1051839,-0.89,212.66
20210604,213.77,214.63,216.1,212.95,956986,0.24,214.02
20210603,213.26,209.15,213.94,207.92,1566281,1.25,212.33
20210602,210.63,217.25,217.36,209.3,1359053,-2.43,212.27
20210601,215.87,216.86,217.06,214.23,1215827,0.5,215.62
20210528,214.79,214.4,215.68,212.43,1049918,0.51,214.66
20210527,213.69,212.81,214.71,212.35,2019994,0.88,213.53
20210526,211.83,210.2,213.64,209.83,1344832,0.77,212.34
20210525,210.21,207.29,211.17,206.58,1867872,1.98,210.01
20210524,206.12,208.19,208.19,205.06,1173310,-0.13,206.83
20210521,206.38,207.31,210.1,206.13,949719,0.08,207.42
20210520,206.21,203.71,207.87,203.69,1101338,1.25,206.2
20210519,203.67,203.85,204.65,199.76,1412998,-0.87,202.67
20210518,205.45,210.15,210.15,205.4,1387137,-1.93,206.85
20210517,209.5,211.14,212.06,208.79,1008422,-0.95,210.16
20210514,211.5,209.13,212.22,208.58,1234036,1.94,210.96
20210513,207.47,204.27,209.37,203.69,1129235,1.65,207.96
20210512,204.11,206.39,208.35,203.95,1277921,-1.28,205.67
20210511,206.76,208.33,210.52,206.14,1911621,-2.42,207.38
20210510,211.89,211.19,217.28,210.0,1408612,0.65,213.1
20210507,210.52,207.6,211.24,207.14,1053784,0.57,210.15
20210506,209.33,207.97,209.84,207.21,1248828,0.72,208.58
20210505,207.84,206.02,208.51,206.54,1055638,0.73,207.34
20210504,206.34,204.0,206.67,202.18,1714541,0.89,205.04
20210503,204.51,203.34,205.63,201.68,1579939,1.72,204.25
20210430,201.06,201.71,203.71,200.57,1379817,-0.44,201.52
20210429,201.94,199.65,203.55,199.56,1388001,1.74,201.58
20210428,198.49,199.28,200.9,197.55,2274658,-0.24,199.15
20210427,198.96,200.85,201.03,197.41,1802331,-0.8,199.4
20210426,200.56,196.23,201.11,196.22,1449675,-0.96,200.12
20210423,202.5,202.61,204.21,198.21,1653279,0.49,201.99
20210422,201.51,203.0,205.58,198.73,2594495,2.01,202.25
20210421,197.53,193.6,198.51,193.35,1324929,2.38,197.13
20210420,192.94,194.32,195.8,192.88,1396826,-1.0,193.6
20210419,194.89,195.61,197.25,192.2,1459896,-1.04,193.87
20210416,196.93,194.86,197.21,194.63,1495174,1.78,196.2
20210415,193.49,192.21,194.29,190.38,1322535,1.33,192.81
20210414,190.95,189.37,193.55,189.03,1246062,1.26,191.71
20210413,188.58,190.71,190.99,188.15,1568090,-1.61,189.13
20210412,191.66,190.88,193.34,190.88,1076314,0.41,192.18
20210409,190.88,188.89,191.15,188.29,1333593,1.51,189.68
20210408,188.04,186.65,188.56,185.21,1086024,0.68,187.2
20210407,186.77,186.3,188.16,185.82,1370795,0.21,186.78
20210406,186.38,188.29,190.04,185.85,1277657,-0.86,187.73
20210405,188.0,187.34,188.98,187.34,1138411,0.99,188.11
20210401,186.15,188.26,188.94,185.41,1390793,-1.16,186.66
20210331,188.34,189.05,191.41,186.78,1665364,-0.11,188.79
20210330,188.54,186.73,190.27,186.27,1315158,0.72,188.48
20210329,187.19,191.33,192.68,185.5,1468717,-2.03,187.89
20210326,191.07,188.85,191.26,187.36,1552681,1.99,189.36
20210325,187.35,184.96,188.77,183.22,1436271,1.5,187.09
20210324,184.59,184.79,189.06,183.98,1272613,0.51,186.7
20210323,183.66,186.5,188.83,181.91,1466547,-2.4,184.46
20210322,188.18,188.86,189.25,187.15,1210514,-0.22,188.31
20210319,188.6,187.48,192.34,187.01,2625639,0.3,189.8
20210318,188.03,185.74,191.0,185.18,1565775,1.36,189.21
20210317,185.5,186.26,188.17,184.94,1769539,-0.01,186.27
20210316,185.52,191.18,191.56,185.32,1555190,-3.28,186.87
20210315,191.82,189.76,192.95,189.01,1415127,1.26,191.19
20210312,189.43,186.46,190.5,185.21,1187583,2.27,188.32
20210311,185.23,184.78,186.69,184.56,1409706,-0.08,185.66
20210310,185.37,186.18,188.23,184.42,1446282,0.56,186.14
20210309,184.33,191.02,194.01,183.87,2858283,-2.58,188.03
20210308,189.21,184.8,190.23,184.17,2601476,2.99,188.38
20210305,183.71,177.74,184.86,176.13,1999041,4.18,181.26
20210304,176.34,175.5,180.98,174.57,1860172,0.43,177.52
20210303,175.58,175.88,179.41,175.11,1435867,-1.46,176.49
20210302,178.18,175.49,178.94,175.49,1182380,1.55,177.86
20210301,175.46,173.88,177.09,173.88,1661068,1.99,175.74
20210226,172.03,174.67,176.46,171.92,1708579,-1.71,173.47
20210225,175.03,176.71,176.93,173.01,1207672,-0.23,175.03
20210224,175.43,174.0,178.76,173.63,1992213,0.21,176.65
20210223,175.07,175.28,176.6,173.01,2354934,0.14,174.89
20210222,174.82,170.39,176.66,170.13,1757913,-1.44,174.85
20210219,177.37,175.06,177.85,174.64,1090729,1.58,176.71
20210218,174.61,175.21,175.76,173.73,1178415,-1.04,174.49
20210217,176.44,173.71,176.98,172.5,1023934,1.4,175.88
20210216,174.0,174.11,174.74,171.81,1091779,0.28,173.17
20210212,173.51,175.0,175.72,172.03,1106315,-1.16,173.23
20210211,175.55,175.82,177.12,174.53,971978,0.43,175.69
20210210,174.79,176.41,177.0,174.06,1358489,-0.36,175.2
20210209,175.42,179.25,179.82,174.9,1735228,-1.97,176.15
20210208,178.94,176.44,179.88,176.44,1528595,1.22,178.57
20210205,176.79,179.45,181.01,175.64,2157003,-1.4,177.46
20210204,179.3,173.98,179.5,173.36,2333703,3.57,177.47
20210203,173.12,166.19,173.96,165.14,2600043,4.38,171.27
20210202,165.85,168.71,170.91,165.01,3009225,-0.65,166.96
20210201,166.93,164.47,169.42,163.38,1734836,2.74,167.43
20210129,162.48,162.83,165.87,159.7,1528864,-0.81,162.68
20210128,163.8,159.59,166.64,158.96,1662131,4.32,164.25
20210127,157.02,161.57,162.6,156.43,2282769,-4.33,158.45
20210126,164.13,169.36,170.15,164.02,1182285,-2.55,165.65
20210125,168.43,166.09,168.78,164.58,1176295,0.87,166.97
20210122,166.97,166.48,167.35,165.31,1019638,-0.26,166.71
20210121,167.4,168.73,168.73,166.77,1007439,-0.33,167.67
20210120,167.95,166.02,168.99,164.65,934715,1.11,167.82
20210119,166.1,170.55,171.6,166.06,1384214,-1.58,166.96
20210115,168.77,167.28,169.48,166.36,1100066,0.3,168.09
20210114,168.27,170.78,171.41,167.62,1488310,-1.29,169.16
20210113,170.47,172.06,172.89,168.59,860410,-1.03,170.93
20210112,172.24,171.04,172.4,169.54,980768,0.51,171.54
20210111,171.37,170.58,173.08,169.66,798460,-0.53,171.25
20210108,172.28,174.0,174.55,169.58,1044837,-0.76,171.85
20210107,173.6,171.04,174.37,171.04,2053239,1.78,173.27
20210106,170.56,168.13,174.1,168.13,2693283,3.36,171.97
20210105,165.01,163.11,166.74,162.22,1116871,0.84,165.39
20210104,163.64,163.37,164.94,158.37,1616604,-0.5,161.89
20201231,164.46,163.07,165.0,161.78,958080,1.3,163.8
20201230,162.35,163.28,163.92,161.54,877664,-0.9,162.68
20201229,163.83,164.23,165.03,162.53,914061,-0.1,163.77
20201228,164.0,165.56,165.65,163.19,905316,-0.15,164.11
20201224,164.24,166.87,166.87,164.08,288897,-0.98,164.66
20201223,165.86,164.64,166.86,164.42,1891593,1.59,165.86
20201222,163.27,163.5,164.42,161.88,1812923,0.11,163.23
20201221,163.09,161.19,164.34,158.89,1826281,-0.76,162.64
20201218,164.34,165.19,165.98,163.21,3048465,-0.25,164.4
20201217,164.75,162.78,165.74,162.61,1289730,1.97,164.62
20201216,161.56,160.68,162.55,159.67,1105695,0.38,161.57
20201215,160.95,163.13,163.44,159.25,1625552,0.06,160.53
20201214,160.86,163.87,165.24,159.72,1712330,2.09,161.5
20201211,157.57,160.32,161.44,156.67,1153183,-2.61,157.8
20201210,161.79,159.39,164.22,159.39,1401555,1.16,161.75
20201209,159.93,158.86,161.41,158.27,1516406,0.46,159.86
20201208,159.19,155.13,159.65,155.0,1362093,2.46,158.48
20201207,155.37,157.15,157.68,153.75,1037377,-1.46,154.8
20201204,157.68,153.65,158.21,152.58,1447115,3.23,156.83
20201203,152.75,153.25,154.07,151.93,906424,0.1,153.02
20201202,152.6,150.46,153.37,149.75,817304,0.45,152.38
20201201,151.91,152.64,153.7,151.12,880584,1.2,152.35
20201130,150.11,152.46,152.46,148.92,1846260,-1.92,150.2
20201127,153.05,153.5,155.0,152.31,753487,-0.37,153.65
20201125,153.62,153.94,155.46,152.52,1077101,-0.93,153.88
20201124,155.06,150.99,155.64,149.55,2493749,3.79,154.24
20201123,149.4,148.89,151.31,148.24,1244172,1.4,149.49
20201120,147.34,150.92,151.39,147.01,1337301,-2.33,148.31
20201119,150.85,150.2,151.24,147.67,2141724,-0.26,149.87
20201118,151.24,152.11,154.48,150.1,1219346,-1.17,152.55
20201117,153.03,150.32,155.84,149.14,1587615,0.8,153.49
20201116,151.82,151.75,153.92,150.23,1776357,1.38,151.85
20201113,149.75,145.01,149.97,144.93,1367581,3.57,148.93
20201112,144.59,144.61,147.83,142.47,2062777,-0.6,144.61
20201111,145.47,151.63,152.0,144.78,1432448,-4.37,146.22
20201110,152.11,146.38,154.94,146.38,2497389,3.25,151.52
20201109,147.32,147.69,152.67,145.99,3778714,6.37,148.58
20201106,138.5,137.33,139.56,136.35,1004251,0.68,138.35
20201105,137.56,133.93,140.49,133.52,1681813,4.37,138.54
20201104,131.8,135.99,138.63,131.56,2298700,-3.15,134.54
20201103,136.09,132.79,137.22,132.35,1656241,4.2,135.78
20201102,130.6,126.11,130.74,125.18,2012959,5.37,128.84
20201030,123.94,125.0,126.68,121.91,1718106,-1.16,123.68
20201029,125.4,126.17,127.27,123.82,1343660,-0.91,125.61
20201028,126.55,128.04,130.08,125.55,1342604,-3.07,127.17
20201027,130.56,134.71,135.4,130.4,1450959,-3.6,132.13
20201026,135.43,134.5,137.45,130.49,1956061,-0.85,134.74
20201023,136.59,136.81,137.84,134.8,896401,1.02,136.17
20201022,135.21,135.78,138.11,134.43,1383715,-0.57,135.34
20201021,135.98,135.59,138.89,135.59,1192542,-0.32,136.99
20201020,136.42,134.33,137.98,133.71,980885,1.56,136.64
20201019,134.33,134.56,136.79,133.4,894344,-0.58,135.07
20201016,135.12,137.79,139.48,134.72,1194470,-1.94,136.55
20201015,137.79,132.5,138.51,132.04,1327462,2.32,136.66
20201014,134.66,132.62,136.76,132.25,1197140,1.29,135.03
20201013,132.94,130.28,133.69,128.32,1435710,2.08,132.31
20201012,130.23,135.0,135.29,129.89,1332361,-2.78,130.87
20201009,133.96,139.5,140.0,133.2,2753616,1.62,135.02
20201008,131.83,129.89,132.48,128.95,1076345,2.14,131.51
20201007,129.07,130.0,132.34,128.56,968420,0.55,129.98
20201006,128.37,130.79,132.4,128.21,1003872,-1.38,129.8
20201005,130.17,128.18,130.78,126.89,1479859,2.46,129.62
20201002,127.05,121.5,128.18,121.46,1490143,2.0,126.24
20201001,124.56,124.74,125.7,121.48,1845666,-0.1,123.77
20200930,124.68,121.1,126.35,120.55,1898066,3.74,124.56
20200929,120.18,122.0,122.15,117.78,1131757,-0.97,119.41
20200928,121.36,122.48,123.86,120.82,1106957,0.67,121.71
20200925,120.55,116.09,121.43,115.74,1422492,3.08,119.83
20200924,116.95,116.04,119.15,114.38,1262757,0.53,116.94
20200923,116.33,121.79,122.09,116.07,2259453,-3.58,117.52
20200922,120.65,125.46,125.83,119.57,2639035,-3.83,121.06
20200921,125.45,125.92,125.97,119.12,3614469,-5.14,122.68
20200918,132.25,136.19,136.88,132.09,2061744,-3.57,133.53
20200917,137.14,136.28,137.88,134.18,1381062,-0.63,136.64
20200916,138.01,136.91,139.18,136.72,1322183,1.63,137.92
20200915,135.8,136.96,138.76,134.91,1320329,0.06,136.53
20200914,135.72,135.07,136.32,133.85,1566557,1.28,135.45
20200911,134.0,134.63,135.15,132.18,745556,-0.5,133.74
20200910,134.67,134.81,136.45,134.1,2093093,0.64,135.25
20200909,133.81,133.65,135.34,132.76,1953266,0.97,134.02
20200908,132.53,136.28,136.28,132.39,1405486,-3.3,133.63
20200904,137.05,136.64,139.18,134.85,1086498,0.33,137.02
20200903,136.6,138.77,139.37,134.3,1855374,-1.14,136.32
20200902,138.17,134.69,139.48,132.96,2148019,2.96,137.72
20200901,134.2,134.35,134.6,132.57,1351796,-1.12,133.88
20200831,135.72,135.57,137.86,135.05,2448984,-0.2,136.18
20200828,135.99,134.41,136.11,132.37,1035509,1.17,135.14
20200827,134.42,132.56,137.98,131.9,1998428,2.12,135.73
20200826,131.63,133.59,133.8,129.9,994184,-1.85,131.54
20200825,134.11,134.5,134.75,131.76,994325,-0.2,133.24
20200824,134.38,133.5,135.07,132.0,3148561,1.41,134.35
20200821,132.51,130.75,132.98,130.29,1165775,1.04,132.03
20200820,131.15,132.18,133.69,130.14,1244107,-1.42,131.65
20200819,133.04,133.81,135.55,132.25,1411135,-0.65,133.56
20200818,133.91,134.38,134.6,132.43,898298,-0.29,133.81
20200817,134.3,133.92,135.48,133.33,1365394,-0.1,134.45
20200814,134.43,130.25,134.91,129.69,1293963,2.88,133.5
20200813,130.67,131.36,131.36,129.61,819623,-1.1,130.58
20200812,132.13,132.87,133.11,130.35,1252019,0.41,131.7
20200811,131.59,133.93,134.97,130.86,1483773,-0.66,132.86
20200810,132.47,130.32,132.98,130.32,1046696,1.69,132.07
20200807,130.27,131.5,133.0,128.64,1372378,-1.55,130.32
20200806,132.32,130.92,132.97,130.54,1687401,1.46,132.08
20200805,130.41,129.66,131.89,129.18,2232511,1.57,130.65
20200804,128.39,124.9,128.79,124.36,2091679,2.0,127.43
20200803,125.87,127.11,127.3,124.81,1124818,-0.61,125.94
20200731,126.64,127.88,127.88,124.41,2548785,-1.1,126.0
20200730,128.05,128.11,128.48,125.74,1544435,-1.33,127.46
20200729,129.78,125.18,130.79,124.88,2425191,4.7,129.43
20200728,123.96,125.19,126.73,123.57,1530922,-1.09,124.5
20200727,125.33,125.0,125.65,123.61,1619439,-0.14,124.83
20200724,125.51,126.51,126.51,124.06,1641535,-1.15,125.13
20200723,126.97,125.0,127.48,123.94,4146715,3.72,126.1
20200722,122.42,115.3,124.38,115.1,5320633,11.97,121.03
20200721,109.33,106.27,110.21,106.2,2480260,4.15,108.66
20200720,104.97,105.6,106.32,103.17,3112860,-1.03,104.68
20200717,106.06,107.42,108.33,105.29,1579367,-1.01,106.24
20200716,107.14,104.84,108.32,103.45,2895448,1.41,107.16
20200715,105.65,101.72,106.42,101.2,3856911,6.76,104.69
20200714,98.96,96.55,99.13,95.73,1824756,2.2,97.97
20200713,96.83,95.0,99.71,95.0,2607774,0.11,97.42
20200710,96.72,93.83,97.02,93.24,1692047,2.52,95.91
20200709,94.34,95.76,95.98,92.05,2924744,-1.35,94.03
20200708,95.63,96.22,96.22,93.35,1600730,-0.63,94.93
20200707,96.24,98.09,99.11,96.16,1280261,-2.99,97.47
20200706,99.21,99.69,100.06,97.31,1361662,1.27,98.8
20200702,97.97,100.2,102.18,97.73,1546042,-0.11,99.26
20200701,98.08,96.71,100.25,96.01,2240087,1.05,98.26
20200629,96.2,93.65,96.22,92.13,2540896,4.02,95.39
20200626,92.48,93.3,94.59,91.44,2428895,-0.93,92.58
20200625,93.35,93.04,94.82,91.21,4443555,-0.41,92.7
20200624,93.73,97.43,97.87,93.04,3410129,-5.4,94.85
20200623,99.08,100.65,101.48,97.12,2175042,0.77,98.9
20200622,98.32,97.35,99.12,97.01,5367715,0.81,98.08
20200619,97.53,101.91,103.35,97.43,2689138,-2.57,99.09
20200618,100.1,98.18,101.7,96.73,2789886,1.01,99.77
20200617,99.1,104.59,105.34,98.55,2494158,-4.95,100.38
20200616,104.26,109.09,109.35,103.12,2369089,0.7,105.56
20200615,103.54,97.79,104.34,97.08,1951039,2.97,101.59
20200612,100.55,104.84,106.66,98.5,3666536,-0.55,101.0
20200611,101.11,105.0,106.96,100.79,4087969,-8.16,102.92
20200610,110.09,115.27,116.19,108.71,3296605,-5.09,111.46
20200609,116.0,115.93,116.89,112.2,2589631,-1.73,115.27
20200608,118.04,117.5,118.7,116.39,1839043,2.15,117.61
20200605,115.56,112.51,117.51,111.22,3081728,8.04,115.47
20200604,106.96,107.55,108.61,105.37,2191364,-0.91,106.93
20200603,107.94,109.75,113.21,107.81,2788531,-0.99,110.03
20200602,109.02,109.57,109.92,107.83,1186110,0.17,108.9
20200601,108.83,106.84,110.44,106.55,1339070,1.81,108.84
20200529,106.9,109.21,109.91,104.52,3111611,-2.61,106.67
20200528,109.77,115.0,115.5,109.42,1724141,-3.42,111.36
20200527,113.66,111.0,113.96,110.25,2074777,4.21,112.37
20200526,109.07,110.95,113.61,108.98,2118174,2.23,110.51
20200522,106.69,108.49,108.79,105.5,2122528,-1.26,106.53
20200521,108.05,105.87,108.44,105.65,3737990,1.53,107.1
20200520,106.42,105.86,107.22,104.29,4987801,2.46,105.87
20200519,103.86,104.38,106.51,102.65,4048528,-1.65,104.71
20200518,105.6,102.52,108.33,102.4,5842965,6.95,105.58
20200515,98.74,98.41,100.11,97.1,4201535,-0.43,98.66
20200514,99.17,98.67,99.42,95.86,3935751,-1.14,97.64
20200513,100.31,100.12,101.28,98.35,4652727,0.76,99.9
20200512,99.55,104.9,104.97,99.44,2822487,-4.41,101.2
20200511,104.14,105.79,106.6,103.05,2764155,-3.5,104.64
20200508,107.92,104.5,108.12,104.08,1694612,5.25,106.44
20200507,102.54,101.04,104.82,100.38,1830165,3.08,102.92
20200506,99.48,106.92,106.92,99.05,2694763,-6.56,102.03
20200505,106.46,105.6,108.49,104.92,2144741,2.75,106.86
20200504,103.61,103.28,104.32,101.46,2459735,-1.19,103.24
20200501,104.86,107.38,108.62,103.7,1850673,-4.57,105.0
20200430,109.88,111.86,112.3,109.06,2205681,-3.04,110.17
20200429,113.33,112.59,115.97,111.41,2838235,3.73,114.18
20200428,109.26,111.66,113.74,108.89,2354138,-1.47,110.1
20200427,110.89,108.86,111.91,108.68,2328683,2.84,110.57
20200424,107.83,106.01,108.61,104.28,2366788,2.95,106.64
20200423,104.74,105.5,109.5,104.61,2897032,0.21,106.41
20200422,104.52,108.33,108.91,104.34,3110966,-0.9,106.28
20200421,105.47,103.81,114.29,100.56,4039592,-4.49,106.88
20200420,110.43,112.59,114.92,108.69,2835183,-4.52,111.24
20200417,115.66,112.8,116.08,111.22,2362074,6.78,114.24
20200416,108.32,109.53,110.75,106.62,2592450,-1.06,108.61
20200415,109.48,106.5,111.35,106.5,2513217,-2.72,109.22
20200414,112.54,105.3,112.72,105.22,3677370,8.62,110.38
20200413,103.61,107.16,107.98,101.66,2817194,-4.12,103.67
20200409,108.06,108.73,112.18,105.63,3551671,0.0,108.63
20200408,108.06,100.0,110.83,99.24,4130457,9.58,107.27
20200407,98.61,99.51,102.61,97.82,4568027,5.38,100.07
20200406,93.58,86.55,94.19,85.04,3918590,14.36,90.92
20200403,81.83,83.32,84.35,79.74,2081016,-2.47,81.48
20200402,83.9,82.62,88.84,81.75,2181115,0.2,84.59
20200401,83.73,83.92,86.39,82.02,3224463,-6.81,83.57
20200331,89.85,89.61,91.84,87.6,2929448,-1.22,90.05
20200330,90.96,88.98,92.41,86.02,3362016,4.16,89.79
20200327,87.33,90.4,92.25,86.0,3708251,-7.53,87.57
20200326,94.44,95.09,103.74,90.18,4788113,1.99,96.72
20200325,92.6,87.26,95.88,85.42,5038305,6.74,91.79
20200324,86.75,86.31,92.06,82.95,4505492,10.14,86.36
20200323,78.76,80.91,85.56,75.34,5829633,0.33,79.81
20200320,78.5,85.2,88.45,75.02,5947555,-5.99,80.89
20200319,83.5,67.0,88.0,66.79,5334266,22.56,78.84
20200318,68.13,73.02,74.21,58.38,6345820,-12.04,64.76
20200317,77.46,86.33,87.4,76.3,7008055,-8.28,79.9
20200316,84.45,93.0,96.54,83.87,5711629,-19.02,90.19
20200313,104.28,107.13,108.52,101.07,6110020,2.73,103.96
20200312,101.51,103.99,109.02,101.01,4602219,-9.84,104.09
20200311,112.59,117.54,118.59,110.64,4054794,-6.85,114.01
20200310,120.87,120.83,122.26,113.38,3247125,3.54,118.57
20200309,116.74,119.42,121.34,110.51,3248399,-8.22,118.21
20200306,127.2,123.57,127.43,122.25,2732901,-0.49,125.54
20200305,127.83,131.36,132.64,124.98,3389784,-5.47,128.06
20200304,135.23,135.5,140.0,133.69,3194239,5.02,135.79
20200303,128.77,134.82,138.7,126.84,3250566,-4.65,130.18
20200302,135.05,127.07,135.55,125.01,3978893,6.33,131.28
20200228,127.01,123.0,127.53,122.95,4689055,-0.27,125.5
20200227,127.36,126.75,133.88,125.16,3293080,-0.79,129.24
20200226,128.37,134.49,136.27,128.2,2715531,-3.48,130.7
20200225,133.0,140.77,140.93,132.13,2268406,-5.01,135.73
20200224,140.02,141.77,143.25,139.47,1515936,-5.39,140.94
20200221,148.0,147.21,149.15,146.8,800586,-0.07,148.08
20200220,148.11,149.69,149.69,147.0,801225,-1.31,148.21
20200219,150.08,148.23,150.22,148.05,1131943,1.25,149.77
20200218,148.23,149.01,149.54,146.81,1401708,-0.9,148.01
20200214,149.57,150.84,150.99,147.91,1822100,-0.87,149.4
20200213,150.88,149.96,151.97,149.33,1544773,0.21,151.12
20200212,150.56,150.12,151.91,149.5,1776947,0.67,150.58
20200211,149.56,147.0,149.64,146.76,1232361,1.96,148.91
20200210,146.68,145.73,146.75,145.26,1260367,0.51,146.19
20200207,145.93,148.5,149.07,144.28,2395813,-2.23,146.03
20200206,149.26,151.64,151.93,148.71,1269853,-1.18,149.58
20200205,151.04,144.92,151.25,144.86,2331821,4.62,149.88
20200204,144.37,143.18,145.16,142.91,1504138,1.81,144.43
20200203,141.8,139.73,142.26,139.1,2073595,2.16,141.47
20200131,138.8,142.17,143.2,137.99,3039687,-3.24,139.43
20200130,143.45,144.84,145.25,140.81,2193844,-1.23,142.94
20200129,145.24,145.84,147.22,144.66,2031319,-0.18,145.96
20200128,145.5,147.5,148.0,144.16,2380002,2.75,146.16
20200127,141.6,141.5,142.68,140.79,1696377,-1.29,141.65
20200124,143.45,147.05,147.34,142.43,1161406,-2.21,143.91
20200123,146.69,147.14,147.3,145.55,1083953,-0.31,146.5
20200122,147.14,148.03,148.38,146.59,1443896,-0.07,147.22
20200121,147.24,147.74,148.29,146.89,1501121,-0.78,147.35
20200117,148.4,148.28,148.86,147.57,1685432,0.43,148.31
20200116,147.77,147.9,148.59,146.87,1007503,0.35,147.64
20200115,147.25,148.13,148.73,146.96,1168278,-0.45,147.58
20200114,147.91,146.56,148.38,146.45,1182084,0.51,147.69
20200113,147.16,148.45,148.54,146.74,1869420,-0.66,147.31
20200110,148.14,148.06,148.57,147.49,940486,0.49,148.09
20200109,147.42,149.41,149.74,147.37,953045,-1.25,148.01
20200108,149.28,148.86,149.75,147.71,883157,0.66,149.07
20200107,148.3,146.52,148.79,146.52,817579,-0.13,148.37
20200106,148.5,146.77,148.77,146.2,1060797,0.38,148.05
20200103,147.94,145.28,148.36,144.8,1191737,0.31,147.64
20200102,147.49,148.16,148.65,146.07,780067,-0.22,147.02
20191231,147.81,147.4,148.1,147.31,811585,0.18,147.71
20191230,147.55,149.35,149.54,147.31,754829,-1.15,147.92
20191227,149.26,148.31,149.36,147.97,678014,0.67,149.01
20191226,148.27,147.91,149.04,147.21,679889,0.2,148.09
20191224,147.98,148.56,148.7,147.0,454954,-0.52,147.94
20191223,148.76,147.04,149.14,146.98,1309120,0.83,148.46
20191220,147.53,148.25,150.17,147.08,2864716,1.47,148.02
20191219,145.39,144.48,146.5,144.35,1882346,0.91,145.54
20191218,144.08,143.62,144.26,143.34,1318069,0.45,143.98
20191217,143.43,143.95,143.96,143.14,1720234,-0.17,143.67
20191216,143.67,143.91,144.54,142.82,2277755,0.57,143.76
20191213,142.86,143.18,144.01,141.69,822382,-0.5,142.78
20191212,143.58,142.92,144.43,142.38,1117888,0.74,143.75
20191211,142.53,142.16,143.72,142.12,1418128,0.06,142.75
20191210,142.44,143.05,143.38,141.97,1156566,-0.28,142.57
20191209,142.84,144.0,144.18,142.44,2677136,-1.22,143.02
20191206,144.61,144.0,144.79,143.21,1753834,2.79,144.18
20191205,140.68,141.31,141.37,139.29,954942,0.05,140.29
20191204,140.61,138.92,141.38,138.63,1395357,1.77,140.48
20191203,138.17,137.01,138.77,136.4,1409709,-0.23,138.08
20191202,138.49,139.02,140.16,138.39,952817,-0.12,138.96
20191129,138.66,138.86,139.82,138.08,619358,-0.91,138.94
20191127,139.93,139.69,141.28,139.18,1033190,0.74,140.16
20191126,138.9,141.39,141.39,138.87,1373800,-1.87,139.46
20191125,141.54,139.92,141.89,138.9,1516138,1.68,140.86
20191122,139.2,140.23,140.36,138.64,1219328,-0.06,139.37
20191121,139.29,139.57,140.16,138.28,1367989,-0.34,139.18
20191120,139.76,138.69,140.28,137.74,2356328,0.68,139.49
20191119,138.81,137.12,138.84,136.24,2354585,1.48,138.01
20191118,136.78,137.88,138.67,136.23,1457022,-0.92,136.8
20191115,138.05,133.47,140.04,133.1,3048209,2.65,137.42
20191114,134.49,134.58,135.86,134.18,1038161,0.07,134.8
20191113,134.39,134.23,135.26,133.87,1033616,-0.55,134.5
20191112,135.14,135.54,136.21,134.63,962701,-0.14,135.26
20191111,135.33,135.76,136.24,134.54,887280,-1.1,135.37
20191108,136.84,136.0,137.73,135.75,881910,0.46,136.82
20191107,136.21,135.85,137.0,135.58,1840653,0.99,136.36
20191106,134.87,134.82,135.23,133.41,1017502,0.39,134.56
20191105,134.34,136.67,137.94,134.31,1201309,-1.38,135.21
20191104,136.22,133.85,136.34,133.23,2348788,1.92,135.43
20191101,133.65,134.61,136.34,133.61,1489007,0.08,134.79
20191031,133.54,134.58,134.88,131.99,2408116,-0.91,133.03
20191030,134.77,134.42,135.13,132.75,1505050,-0.16,134.05
20191029,134.99,133.89,136.06,130.0,3163985,6.4,134.18
20191028,126.87,126.3,127.78,126.27,1515223,0.48,126.99
20191025,126.27,123.75,127.03,122.78,1230122,1.02,125.53
20191024,125.0,125.87,125.92,124.21,879380,-0.2,124.85
20191023,125.25,125.16,126.71,124.94,923479,0.02,125.62
20191022,125.23,124.14,126.07,123.24,1015164,1.31,125.27
20191021,123.61,123.65,125.06,123.21,852244,-0.02,124.13
20191018,123.64,122.74,124.02,122.18,1206900,0.68,123.22
20191017,122.8,122.22,123.03,121.64,806902,1.13,122.43
20191016,121.43,121.69,121.95,120.93,1078970,-0.07,121.44
20191015,121.51,120.63,122.63,120.12,1045999,1.74,121.8
20191014,119.43,120.01,120.37,119.04,591572,-0.83,119.59
20191011,120.43,119.53,122.31,119.47,1158894,1.58,121.06
20191010,118.56,118.15,119.66,117.64,930849,0.86,118.6
20191009,117.55,117.7,118.29,117.45,1196357,0.78,117.78
20191008,116.64,117.4,117.69,116.19,1268286,-1.3,116.88
20191007,118.18,117.21,119.07,117.18,1741646,0.48,118.36
20191004,117.62,116.45,117.94,116.11,1190874,1.44,117.52
20191003,115.95,114.82,116.29,114.23,1201273,0.75,115.55
20191002,115.09,116.06,116.37,114.13,1570912,-1.67,115.07
20191001,117.04,120.73,121.43,115.75,1652100,-2.81,117.5
20190930,120.42,118.9,121.66,118.43,2496042,1.23,120.52
20190927,118.96,118.91,120.84,118.56,1403527,0.7,119.29
20190926,118.13,119.6,119.99,116.53,1956868,-0.81,117.95
20190925,119.1,120.75,121.25,118.11,1440118,-1.81,119.24
20190924,121.29,124.0,124.19,120.87,1846742,-1.74,122.01
20190923,123.44,123.9,124.9,122.17,1953848,-0.68,123.23
20190920,124.28,127.39,127.59,124.09,2278061,-2.0,125.28
20190919,126.82,126.04,128.13,125.6,1317364,1.03,127.25
20190918,125.53,124.33,125.87,123.38,1799617,0.43,125.04
20190917,124.99,128.43,128.43,124.88,1590084,-3.07,125.82
20190916,128.95,128.65,129.56,128.12,992149,-0.09,128.83
20190913,129.07,129.5,131.25,128.78,1005024,0.3,129.33
20190912,128.69,131.95,132.49,128.62,1135047,-1.97,129.52
20190911,131.27,129.61,131.31,129.0,1793749,0.9,130.59
20190910,130.1,127.34,130.28,127.05,2101429,2.03,129.66
20190909,127.51,126.26,128.35,125.3,1342570,1.12,127.22
20190906,126.1,126.12,126.76,124.27,1495790,1.49,126.05
20190905,124.25,122.08,124.35,121.6,2450947,2.42,123.67
20190904,121.31,121.36,122.55,120.46,1305231,1.13,121.12
20190903,119.96,119.0,120.6,118.36,1947787,-0.2,119.97
20190830,120.2,121.3,121.56,119.96,830349,-0.46,120.5
20190829,120.75,120.19,121.22,119.55,1090655,1.43,120.62
20190828,119.05,117.0,119.57,116.63,972963,1.41,118.71
20190827,117.4,120.87,121.62,117.4,1194821,-2.5,118.65
20190826,120.41,120.71,120.84,119.47,999075,0.53,120.29
20190823,119.78,122.29,123.31,119.09,1395991,-2.01,120.7
20190822,122.24,124.01,124.17,122.19,1276331,-1.08,122.84
20190821,123.58,123.57,124.19,122.83,1336462,0.32,123.61
20190820,123.19,124.35,124.59,122.44,1823706,-1.14,123.12
20190819,124.61,125.85,125.93,124.45,1089722,0.55,125.22
20190816,123.93,124.01,125.69,123.09,1447775,0.54,124.52
20190815,123.27,123.29,124.31,122.43,1643064,0.0,123.34
20190814,123.27,125.85,126.49,122.54,2222620,-3.62,123.37
20190813,127.9,125.15,129.25,125.15,1207520,1.67,127.89
20190812,125.8,126.56,127.01,124.54,1748407,-1.33,125.48
20190809,127.5,127.73,128.47,126.41,1358334,0.69,127.53
20190808,126.62,126.17,127.1,125.05,1722332,0.41,126.08
20190807,126.1,123.26,126.37,122.01,1588594,1.42,125.09
20190806,124.33,124.37,125.37,121.84,1578376,0.64,123.82
20190805,123.54,125.8,126.16,122.25,1867632,-2.83,123.85
20190802,127.14,129.17,130.0,126.37,1608162,-1.85,127.41
20190801,129.54,133.19,133.19,128.53,1631795,-2.97,130.35
20190731,133.51,132.45,136.22,132.2,3187400,0.53,134.28
20190730,132.8,131.29,136.95,128.32,6907332,-9.14,132.74
20190729,146.16,145.0,146.96,144.06,2752746,0.76,146.09
20190726,145.06,144.51,146.04,143.74,2639535,2.25,144.68
20190725,141.87,143.45,143.48,141.37,1042580,-0.99,142.03
20190724,143.29,140.23,143.54,138.85,1278477,1.86,142.5
20190723,140.67,140.76,141.0,138.68,1166554,0.07,140.43
20190722,140.57,140.17,141.4,139.7,1234100,0.78,140.65
20190719,139.48,141.45,141.97,139.41,1092731,-1.24,140.15
20190718,141.23,140.01,141.76,138.92,1059296,0.9,140.83
20190717,139.97,139.69,142.0,138.78,1294988,0.19,140.75
20190716,139.7,140.93,141.86,139.66,1124755,-0.87,140.39
20190715,140.92,141.16,142.02,138.39,1104250,-0.42,140.83
20190712,141.51,138.61,141.78,138.21,1201325,2.06,140.63
20190711,138.65,139.23,139.47,136.2,1412818,1.44,137.92
20190710,136.68,138.39,138.39,135.84,1220374,1.25,136.83
20190709,134.99,135.85,137.38,132.33,1355386,-1.73,134.72
20190708,137.36,137.65,138.6,136.86,1289212,-0.84,137.65
20190705,138.53,137.22,138.56,135.76,1139480,0.25,137.58
20190703,138.18,136.12,138.28,136.07,805707,2.1,137.3
20190702,135.34,134.78,135.85,132.37,957789,0.59,134.8
20190701,134.54,136.36,136.4,133.79,1290717,-0.47,134.65
20190628,135.17,134.1,135.61,132.33,1885782,0.8,134.87
20190627,134.1,134.08,135.86,133.75,1330284,0.33,134.52
20190626,133.66,135.0,135.07,132.22,2027060,-1.12,133.33
20190625,135.18,131.53,136.34,130.63,3246261,3.12,134.91
20190624,131.09,130.0,131.56,129.27,1551540,2.23,130.65
20190621,128.23,127.71,128.94,125.77,1819370,0.12,127.88
20190620,128.08,131.23,132.31,126.21,2082928,-1.55,129.02
20190619,130.1,129.61,130.98,127.5,1073754,0.81,130.06
20190618,129.06,128.49,130.31,127.66,1125786,0.69,129.34
20190617,128.17,126.49,128.28,125.86,911838,1.22,127.5
20190614,126.63,127.6,128.25,126.05,748765,-0.59,126.89
20190613,127.38,126.84,127.67,125.94,1000964,0.51,126.88
20190612,126.73,127.63,127.63,124.76,1172953,-1.02,125.98
20190611,128.04,130.34,130.36,126.89,2082794,-1.71,128.53
20190610,130.27,129.0,131.23,128.79,1180220,1.45,130.42
20190607,128.41,126.71,129.1,126.65,1034991,1.9,128.28
20190606,126.01,125.12,126.82,124.47,987829,1.01,125.92
20190605,124.75,126.83,126.83,123.94,1981067,-0.62,124.83
20190604,125.53,124.04,126.23,123.9,2470421,2.03,125.46
20190603,123.03,121.0,123.69,120.0,1588328,1.71,122.8
20190531,120.96,121.47,122.35,119.94,1558264,-1.31,121.24
20190530,122.57,122.44,123.51,121.35,1044833,0.58,122.26
20190529,121.86,122.91,123.04,120.88,1136019,-0.96,121.84
20190528,123.04,123.31,125.74,123.02,2719852,-0.65,123.52
20190524,123.84,126.13,127.53,122.75,2335050,-2.27,124.45
20190523,126.71,127.43,127.65,125.54,2531999,-1.17,126.71
20190522,128.21,127.41,128.47,127.05,1012869,0.0,127.89
20190521,128.21,126.66,128.77,126.24,1683435,2.0,127.97
20190520,125.69,122.79,126.06,122.79,1976922,1.77,125.23
20190517,123.51,121.14,124.91,121.14,1216087,0.66,123.48
20190516,122.7,123.34,124.48,122.24,1430611,-0.39,123.27
20190515,123.18,121.71,124.14,120.61,1252320,0.77,123.19
20190514,122.24,122.35,123.74,121.85,1409139,0.06,122.7
20190513,122.17,121.56,122.46,119.62,1587954,-1.28,121.28
20190510,123.75,124.55,125.0,121.15,1152912,-0.68,123.17
20190509,124.6,123.7,125.14,122.53,1475524,-0.39,124.08
20190508,125.09,126.31,126.5,124.94,2049985,-1.12,125.48
20190507,126.51,127.15,128.74,125.05,1859907,-1.76,126.27
20190506,128.78,123.48,128.9,123.18,1824856,2.52,126.88
20190503,125.61,126.29,126.44,124.35,1580679,0.07,125.28
20190502,125.52,124.31,125.75,122.72,2810156,1.15,124.79
20190501,124.09,126.8,127.57,123.01,2823524,-2.47,124.5
20190430,127.23,130.46,131.59,123.58,3623944,1.44,126.82
20190429,125.42,125.78,126.06,123.55,2222974,-0.1,125.22
20190426,125.55,124.0,125.62,121.84,1887504,0.79,124.09
20190425,124.56,123.25,125.05,122.61,1425467,0.58,124.0
20190424,123.84,120.25,125.45,120.18,3483783,3.05,123.4
20190423,120.18,116.36,121.5,116.23,3050276,4.5,119.81
20190422,115.0,115.17,117.29,113.95,3140685,-0.21,115.04
20190418,115.24,111.85,115.7,111.78,3832198,2.88,114.17
20190417,112.01,114.76,115.26,110.31,3956057,-2.07,111.93
20190416,114.38,128.17,128.17,113.61,5138453,-10.0,117.21
20190415,127.09,128.01,128.25,126.38,1651104,-0.61,127.08
20190412,127.87,130.63,132.29,127.52,2693216,-1.74,128.73
20190411,130.13,134.09,134.72,129.68,1020787,-2.84,131.37
20190410,133.93,132.88,134.7,132.29,1111424,1.25,134.06
20190409,132.28,131.27,132.81,130.89,1132016,0.33,132.03
20190408,131.84,133.47,133.7,131.72,992971,-1.67,132.15
20190405,134.08,132.56,134.39,132.48,1592418,1.31,134.01
20190404,132.35,131.51,132.58,131.03,1488749,0.87,132.13
20190403,131.21,131.49,132.15,130.92,994011,0.43,131.36
20190402,130.65,131.83,131.95,129.67,958388,-1.01,130.57
20190401,131.98,131.64,132.25,130.85,1405475,1.23,131.9
20190329,130.38,129.37,130.77,128.41,1410583,1.34,130.16
20190328,128.66,129.33,129.35,127.8,1031545,-0.02,128.48
20190327,128.68,129.26,130.4,127.76,1427573,-0.82,128.57
20190326,129.75,133.17,133.37,129.52,1717744,-2.19,130.73
20190325,132.66,133.75,133.78,131.57,1305537,-1.32,132.59
20190322,134.44,136.0,136.75,134.43,1560099,-1.8,135.36
20190321,136.91,134.3,137.06,134.0,770014,1.35,136.46
20190320,135.08,136.56,136.7,134.63,1759944,-1.13,135.53
20190319,136.62,135.13,137.31,134.56,1767427,1.39,136.29
20190318,134.75,132.23,134.81,131.65,2385890,1.81,134.13
20190315,132.35,132.72,133.48,132.3,2924360,0.44,132.63
20190314,131.77,130.82,132.29,130.59,1756171,0.73,131.74
20190313,130.82,129.01,131.45,128.36,1584794,1.51,130.53
20190312,128.88,126.27,129.43,126.27,2695062,2.38,128.36
20190311,125.89,124.71,126.13,124.05,3132982,0.92,125.3
20190308,124.74,125.51,126.59,124.04,1700362,-1.69,124.74
20190307,126.89,128.96,129.6,126.37,3655642,-1.43,127.52
20190306,128.73,135.07,135.59,128.52,3543049,-4.92,130.56
20190305,135.39,136.38,136.54,134.78,2257048,-0.52,135.53
20190304,136.1,139.11,139.52,135.08,2334512,-1.71,136.49
20190301,138.47,139.36,140.55,138.26,1997092,-0.41,138.8
20190228,139.04,137.73,140.85,137.73,1718806,0.17,139.37
20190227,138.81,141.66,143.17,138.16,1279301,-2.6,139.3
20190226,142.52,143.33,143.96,142.21,1332660,-0.52,142.78
20190225,143.26,144.04,145.55,143.08,1433171,-0.54,143.91
20190222,144.04,142.33,144.98,142.26,898092,1.43,144.0
20190221,142.01,142.32,142.8,141.16,1714570,-0.22,141.91
20190220,142.33,143.09,143.65,142.02,1640905,-0.88,142.6
20190219,143.59,143.81,145.23,143.01,1418847,-0.46,143.78
20190215,144.26,143.23,144.3,142.62,1176633,1.43,143.78
20190214,142.22,140.25,142.76,139.58,1035981,0.94,141.79
20190213,140.89,140.45,141.36,139.66,745692,0.48,140.71
20190212,140.22,139.14,140.53,138.45,1076394,1.13,139.86
20190211,138.66,139.34,139.58,137.31,1015394,-0.62,138.57
20190208,139.53,139.91,140.43,138.1,996883,-0.78,139.1
20190207,140.62,139.54,140.96,138.97,1241323,0.42,140.11
20190206,140.03,139.08,140.08,138.04,902633,0.22,139.52
20190205,139.72,139.07,140.47,139.01,1037254,0.69,139.82
20190204,138.76,138.99,139.37,137.62,1334114,-0.68,138.46
20190201,139.71,139.07,140.97,138.39,1866655,0.2,139.76
20190131,139.43,138.89,140.54,138.56,1880158,0.27,139.54
20190130,139.06,138.23,139.47,136.9,2259040,0.75,138.44
20190129,138.03,135.0,138.1,132.01,2669717,4.78,136.33
20190128,131.73,132.11,132.21,130.08,1813105,-0.88,130.99
20190125,132.9,133.85,134.46,132.6,1909789,0.16,133.31
20190124,132.69,133.91,134.75,132.66,1187534,-0.82,133.35
20190123,133.79,133.11,135.32,132.47,1561505,0.62,133.65
20190122,132.97,133.76,134.41,131.5,2039828,-1.17,132.65
20190118,134.54,135.11,136.09,133.74,2233577,0.36,134.51
20190117,134.06,131.81,134.94,131.75,961760,1.32,133.79
20190116,132.31,131.74,133.29,131.23,1318013,0.62,132.39
20190115,131.49,129.62,132.63,129.26,2168783,1.73,131.49
20190114,129.26,128.33,130.47,127.95,992895,0.09,129.55
20190111,129.14,129.21,129.69,128.26,1466098,-0.47,128.92
20190110,129.75,127.75,129.82,127.09,960185,1.13,129.04
20190109,128.3,127.1,128.9,126.84,1857099,1.67,128.24
20190108,126.19,126.01,126.67,124.32,1066574,1.41,125.49
20190107,124.44,123.62,125.52,123.49,2906471,0.85,124.61
20190104,123.39,121.19,123.98,121.19,1487056,3.31,123.17
20190103,119.44,120.82,122.57,119.12,1817286,-1.91,120.14
20190102,121.76,122.91,123.06,120.09,1501363,-2.16,121.81
20181231,124.45,123.48,124.86,123.1,1206438,1.58,124.2
20181228,122.51,123.07,124.1,121.61,1117327,0.11,122.81
20181227,122.38,119.53,122.38,117.04,1641616,0.9,120.17
20181226,121.29,116.73,121.29,116.18,1275261,4.44,118.94
20181224,116.13,119.71,120.52,115.72,971075,-3.29,117.73
20181221,120.08,119.85,123.5,118.97,3192814,0.19,120.71
20181220,119.85,121.85,122.67,118.73,2185366,-1.96,120.47
20181219,122.25,125.39,125.8,120.53,2103192,-2.44,123.41
20181218,125.31,124.36,127.21,123.37,2391081,1.78,125.69
20181217,123.12,120.0,124.61,119.31,3510452,-2.85,122.42
20181214,126.73,134.37,134.37,125.54,2450340,-7.03,127.91
20181213,136.32,135.48,137.62,134.44,2377109,1.01,136.13
20181212,134.96,135.44,137.41,134.78,2356637,0.8,135.57
20181211,133.89,135.42,136.39,132.9,1169119,-0.17,134.41
20181210,134.12,135.61,136.25,129.93,1987405,-1.28,133.2
20181207,135.86,140.29,141.11,135.52,1829794,-3.54,136.67
20181206,140.85,140.91,141.97,136.49,2122042,-0.9,139.88
20181204,142.13,146.1,147.42,141.58,3066903,-2.84,143.52
20181203,146.29,145.69,146.5,143.74,1385002,1.6,145.67
20181130,143.99,144.23,144.96,142.82,2214311,-0.35,143.93
20181129,144.5,143.52,145.74,142.86,1819900,0.08,144.68
20181128,144.38,139.02,144.42,138.99,2458462,4.57,142.88
20181127,138.07,134.99,138.47,134.73,1961995,1.89,137.04
20181126,135.51,135.74,137.32,134.99,2047389,0.43,135.8
20181123,134.93,133.81,136.47,133.81,570004,0.09,135.32
20181121,134.81,136.11,136.46,134.55,1906079,-0.21,135.13
20181120,135.09,134.25,136.2,133.48,1653009,-0.05,135.04
20181119,135.16,140.22,141.47,134.57,2693704,-3.66,136.77
20181116,140.29,138.16,140.34,137.82,2388786,1.85,139.34
20181115,137.74,139.11,139.6,135.97,2628262,-1.51,137.22
20181114,139.85,142.73,143.06,138.65,1984953,-1.19,140.23
20181113,141.54,142.12,143.38,140.54,1538381,-0.26,141.99
20181112,141.91,144.0,144.96,141.66,1426802,-1.42,142.75
20181109,143.95,141.9,144.18,141.64,1903545,1.64,143.31
20181108,141.63,141.5,143.03,140.04,2216637,-0.01,141.26
20181107,141.65,136.6,141.89,136.08,2345159,4.74,140.6
20181106,135.24,135.02,136.3,134.27,1534251,-0.09,134.99
20181105,135.36,135.05,136.94,134.55,2047014,0.68,135.31
20181102,134.44,136.52,138.31,133.8,2084314,-0.92,134.99
20181101,135.69,135.13,136.7,133.65,2013273,1.62,135.7
20181031,133.53,134.87,137.16,133.03,2536577,-1.24,134.13
20181030,135.21,128.0,136.07,121.17,4695770,4.81,131.38
20181029,129.0,129.23,132.08,128.79,4097473,0.89,130.2
20181026,127.86,125.13,128.66,124.32,2469577,0.63,127.13
20181025,127.06,127.0,128.74,126.51,1595561,0.44,127.62
20181024,126.5,130.28,131.76,126.22,2084127,-3.16,128.39
20181023,130.63,130.28,130.87,127.5,2294510,-1.31,129.48
20181022,132.36,134.03,134.98,131.57,2356193,-1.01,132.84
20181019,133.71,136.35,136.94,133.37,2247331,-1.95,134.64
20181018,136.37,137.18,137.88,135.34,2227176,-0.07,136.53
20181017,136.47,136.35,137.0,134.18,1551996,0.72,136.0
20181016,135.5,133.95,135.74,132.34,1908835,2.06,134.73
20181015,132.76,133.96,134.22,132.68,1422649,-0.82,133.32
20181012,133.86,133.99,135.71,132.73,1605785,1.08,134.18
20181011,132.43,136.41,137.67,132.24,1940567,-1.97,134.83
20181010,135.09,139.77,139.99,134.99,1642336,-3.22,137.01
20181009,139.58,139.16,141.11,138.6,1649848,0.5,140.01
20181008,138.88,138.98,139.35,137.44,1215131,-0.06,138.54
20181005,138.97,139.23,140.9,138.28,1512941,-0.18,139.31
20181004,139.22,138.58,139.35,137.94,1389018,0.41,138.76
20181003,138.65,138.64,139.06,137.9,1498842,0.52,138.55
20181002,137.93,140.3,141.05,137.7,2151709,-1.69,138.76
20181001,140.3,139.95,140.54,139.16,1616166,0.85,139.99
20180928,139.12,138.01,139.37,136.76,2013115,0.57,138.59
20180927,138.33,136.68,138.96,136.57,2426968,1.24,137.98
20180926,136.63,135.02,137.26,134.49,1965343,1.57,136.43
20180925,134.52,134.81,135.35,133.39,1896245,0.16,134.47
20180924,134.31,133.34,134.96,133.34,1090797,0.7,134.3
20180921,133.37,132.93,133.79,132.85,3714744,0.5,133.3
20180920,132.7,132.82,133.79,132.38,1304426,0.59,132.87
20180919,131.92,133.72,133.72,131.62,2461228,-1.39,132.22
20180918,133.78,132.89,134.51,132.89,1927856,0.81,133.95
20180917,132.7,134.03,134.2,132.35,866032,-0.7,132.69
20180914,133.63,134.09,134.73,133.56,990365,-0.16,133.95
20180913,133.84,131.78,133.9,131.78,1547357,1.78,133.33
20180912,131.5,131.83,132.28,130.18,2103204,-0.21,131.3
20180911,131.78,131.61,132.7,131.26,1707319,0.21,131.99
20180910,131.5,132.89,132.95,130.97,1451033,-0.73,131.49
20180907,132.47,131.8,133.18,131.54,1403655,0.13,132.38
20180906,132.3,134.02,134.37,131.55,1572165,-1.11,132.54
20180905,133.79,133.98,134.92,132.73,1835849,-0.18,133.73
20180904,134.03,138.07,138.18,133.88,3377780,-0.06,135.21
20180831,134.11,130.8,134.19,130.78,1545787,1.76,133.54
20180830,131.79,131.68,132.53,130.92,958175,-0.26,131.84
20180829,132.13,130.98,132.57,130.45,1295971,1.45,131.9
20180828,130.24,131.52,132.25,130.14,1392440,-0.78,130.62
20180827,131.26,131.45,131.87,130.72,876811,-0.08,131.17
20180824,131.36,131.22,131.64,130.09,692431,0.21,131.0
20180823,131.08,131.13,131.38,130.25,1245318,-0.02,130.85
20180822,131.11,130.5,131.48,130.29,973275,0.38,130.89
20180821,130.61,131.44,132.21,130.29,2208905,-0.65,130.76
20180820,131.46,131.59,132.4,131.06,1112713,-0.08,131.55
20180817,131.57,129.66,131.88,129.66,1608319,1.98,131.1
20180816,129.02,130.45,130.57,128.89,1510948,-0.47,129.43
20180815,129.63,129.67,130.84,128.91,1724467,-0.29,129.8
20180814,130.01,129.21,130.31,128.95,1033172,1.06,129.85
20180813,128.65,128.23,130.04,128.16,980638,0.37,128.92
20180810,128.17,127.91,128.33,127.17,1292784,-0.02,127.98
20180809,128.2,128.5,128.6,127.15,1340515,-0.09,128.28
20180808,128.31,130.04,130.61,128.23,2009276,-0.87,128.89
20180807,129.44,128.0,129.63,127.86,1051137,0.49,129.04
20180806,128.81,129.71,131.1,128.69,2199702,-1.04,129.63
20180803,130.16,125.79,130.29,125.7,2831874,3.9,128.9
20180802,125.28,124.42,125.31,123.91,2112667,0.56,124.81
20180801,124.58,124.68,127.25,124.2,2156147,0.28,125.39
20180731,124.23,123.77,124.47,122.37,1650527,0.15,123.87
20180730,124.05,124.4,126.41,123.29,1912785,-0.08,124.33
20180727,124.15,124.47,124.47,122.17,2260343,-0.12,123.62
20180726,124.3,119.39,124.51,118.82,3969983,5.22,123.0
20180725,118.13,111.85,119.4,111.41,4995074,9.22,117.34
20180724,108.16,108.0,108.46,107.25,2428091,-0.18,108.08
20180723,108.36,109.44,110.0,108.22,2038589,0.33,108.58
20180720,108.0,107.99,108.31,107.04,1218444,0.28,107.9
20180719,107.7,106.22,108.01,105.64,3015884,1.04,107.35
20180718,106.59,108.23,108.38,106.46,1428771,-1.68,107.16
20180717,108.41,106.74,108.48,106.15,1805346,1.48,107.93
20180716,106.83,106.5,106.92,106.19,1167028,0.26,106.71
20180713,106.55,105.31,106.68,105.28,1111552,1.12,106.33
20180712,105.37,105.85,106.23,105.22,1370908,-0.14,105.62
20180711,105.52,105.64,106.25,105.41,1017967,-0.26,105.75
20180710,105.8,105.71,106.33,105.09,1024809,0.08,105.8
20180709,105.72,105.21,106.17,104.84,960539,0.48,105.72
20180706,105.22,103.68,105.48,103.52,1237735,1.68,104.91
20180705,103.48,104.02,104.38,102.77,2002200,-0.38,103.59
20180703,103.87,103.24,104.3,103.08,741656,0.66,103.76
20180702,103.19,102.29,103.24,101.3,1403054,0.58,102.58
20180629,102.6,102.89,103.35,101.71,1260222,-0.48,102.8
20180628,103.09,103.48,103.64,102.45,1631546,-1.05,103.09
20180627,104.18,105.49,105.49,104.18,1247977,-1.1,104.85
20180626,105.34,105.3,105.73,105.09,1828823,0.11,105.45
20180625,105.22,106.46,106.66,104.68,2068697,-1.42,105.33
20180622,106.74,108.22,108.3,106.62,3406962,-0.77,106.82
20180621,107.57,108.07,108.85,107.38,1776612,-0.2,108.11
20180620,107.79,105.67,107.87,105.46,1600768,2.15,107.07
20180619,105.52,105.4,106.27,105.12,1062148,-0.41,105.6
20180618,105.95,106.39,107.09,105.85,954089,-0.53,106.28
20180615,106.51,105.97,106.73,105.9,2046783,0.47,106.36
20180614,106.01,105.71,106.62,105.24,1505456,0.31,106.06
20180613,105.68,106.87,107.37,105.56,1431531,-0.59,106.18
20180612,106.31,106.76,106.95,106.03,1499340,-0.12,106.43
20180611,106.44,105.5,107.11,105.5,1875321,1.0,106.6
20180608,105.39,104.94,105.41,103.66,1938961,0.07,104.69
20180607,105.32,105.05,105.49,104.8,1809105,0.64,105.21
20180606,104.65,104.33,105.12,104.09,1703536,0.38,104.63
20180605,104.25,104.29,105.1,104.04,1396201,-0.06,104.45
20180604,104.31,104.32,104.99,104.26,1919935,-0.01,104.57
20180601,104.32,103.79,104.5,103.34,1274808,1.14,104.05
20180531,103.14,104.49,104.8,102.87,1889367,-1.68,103.37
20180530,104.9,104.15,105.45,103.69,1623538,1.57,104.92
20180529,103.28,103.02,103.54,102.22,1065081,-0.4,102.97
20180525,103.69,103.42,104.09,103.42,1165250,0.09,103.73
20180524,103.6,103.26,103.86,102.53,1181457,0.09,103.39
20180523,103.51,103.0,103.85,102.32,3101756,0.1,103.29
20180522,103.41,103.98,104.85,103.4,1681184,-0.43,104.03
20180521,103.86,103.6,104.52,103.56,1353350,1.0,104.04
20180518,102.83,103.23,103.6,102.64,1214131,-0.26,102.93
20180517,103.1,102.69,104.07,101.88,1878240,0.17,103.12
20180516,102.92,101.26,103.35,100.9,2154028,1.84,102.76
20180515,101.06,101.21,101.72,100.64,1096914,-0.71,101.01
20180514,101.78,102.0,102.52,101.57,1769237,0.0,101.93
20180511,101.78,101.36,102.23,101.0,1948898,0.31,101.72
20180510,101.47,100.52,101.87,100.25,1724686,1.35,101.23
20180509,100.12,97.37,100.31,97.06,2273341,2.79,99.15
20180508,97.4,97.92,97.97,96.92,2081819,-0.23,97.43
20180507,97.62,97.66,98.2,97.25,1268389,0.07,97.68
20180504,97.55,96.24,97.72,95.56,1506891,1.78,97.08
20180503,95.84,97.15,97.32,94.23,2281208,-1.94,95.79
20180502,97.74,95.49,99.33,95.27,2737874,1.6,98.18
20180501,96.2,96.63,96.75,93.03,3118964,0.48,94.95
20180430,95.74,96.57,96.95,95.74,3189002,-0.53,95.97
20180427,96.25,95.44,96.35,95.35,1663871,0.95,96.07
20180426,95.34,96.62,96.9,94.67,3335024,-3.13,95.57
20180425,98.42,96.63,98.43,95.72,1847544,1.66,97.58
20180424,96.81,97.57,97.62,96.0,2534037,-0.09,96.67
20180423,96.9,97.45,97.73,96.39,2796353,-0.56,96.89
20180420,97.45,98.47,98.7,97.27,1581032,-0.98,97.69
20180419,98.41,98.53,98.85,97.99,1133189,-0.32,98.42
20180418,98.73,97.9,99.48,97.81,1935241,1.04,98.87
20180417,97.71,97.8,98.05,96.23,2419663,0.28,97.23
20180416,97.44,96.99,97.77,96.36,1738008,1.2,97.1
20180413,96.28,96.53,96.72,95.72,1953263,-0.36,96.28
20180412,96.63,96.68,97.17,96.28,1256724,0.46,96.83
20180411,96.19,96.4,97.15,96.12,1472248,-0.76,96.55
20180410,96.93,97.25,97.33,96.27,2184011,0.64,96.84
20180409,96.31,96.74,97.56,96.27,1249934,0.07,96.96
20180406,96.24,97.76,98.17,95.72,1965749,-2.04,96.64
20180405,98.24,97.0,98.4,96.7,3632619,1.42,97.69
20180404,96.86,95.9,97.36,95.87,2638664,-0.22,96.88
20180403,97.07,95.73,97.17,95.34,2391093,1.84,96.38
20180402,95.32,97.33,97.95,94.67,1979480,-1.73,95.69
20180329,97.0,97.7,97.82,95.8,3301601,-0.15,96.68
20180328,97.15,97.75,98.66,97.13,1929321,-0.29,97.67
20180327,97.43,98.25,98.92,96.93,2374030,-0.56,98.0
20180326,97.98,99.7,99.99,96.86,1927635,-0.81,97.66
20180323,98.78,100.3,101.61,98.59,1901686,-1.01,99.88
20180322,99.79,100.49,101.72,99.65,1740672,-1.1,100.6
20180321,100.9,100.07,101.8,100.07,1959838,0.3,101.27
20180320,100.6,102.75,102.77,99.75,1576371,-2.01,100.71
20180319,102.66,102.58,102.82,101.64,1115811,-0.11,102.26
20180316,102.77,103.16,103.93,102.48,2068910,-0.37,102.9
20180315,103.15,102.24,103.87,102.01,1349592,1.2,103.28
20180314,101.93,102.84,103.5,101.6,1737556,-0.63,102.16
20180313,102.58,103.99,103.99,102.25,1798596,-0.95,102.74
20180312,103.56,103.76,104.2,102.8,2411072,-0.33,103.53
20180309,103.9,102.69,104.17,102.19,1614882,1.51,103.7
20180308,102.35,101.51,102.75,101.21,1261079,1.03,102.23
20180307,101.31,100.35,101.58,100.03,1686352,0.32,101.19
20180306,100.99,101.27,101.74,100.43,1529414,-0.12,100.97
20180305,101.11,100.9,101.4,99.72,1755770,-0.27,100.8
20180302,101.38,99.0,101.64,98.82,2054685,1.96,100.47
20180301,99.43,99.5,100.91,98.04,2312944,0.18,99.55
20180228,99.25,101.23,101.87,99.23,2896078,-2.27,99.95
20180227,101.56,100.36,102.98,100.06,3133020,1.54,101.88
20180226,100.02,100.7,100.85,99.05,1816174,-0.81,99.93
20180223,100.84,101.27,101.42,99.82,1650706,0.3,100.47
20180222,100.54,100.94,101.94,100.16,1485548,0.19,100.84
20180221,100.35,100.68,101.85,100.29,1339978,-0.64,101.14
20180220,101.0,100.68,101.41,100.54,1413339,0.0,101.04
20180216,101.0,100.72,102.22,100.29,1893544,0.05,101.41
20180215,100.95,100.54,101.36,99.43,1999554,1.04,100.84
20180214,99.91,98.26,100.99,97.89,2224788,1.0,99.85
20180213,98.92,97.48,99.2,97.3,1140209,0.65,98.34
20180212,98.28,98.53,99.0,96.42,1512175,0.45,98.12
20180209,97.84,97.01,98.8,94.75,2531987,1.95,96.63
20180208,95.97,98.61,99.25,95.91,2129344,-2.47,97.34
20180207,98.4,98.26,100.3,98.0,1895121,-0.31,99.12
20180206,98.71,94.63,99.13,94.11,3353767,2.94,97.56
20180205,95.89,98.93,99.75,95.62,2670629,-3.81,97.77
20180202,99.69,101.54,102.25,99.59,2417630,-2.49,100.46
20180201,102.24,100.75,103.57,100.29,3193623,1.07,102.46
20180131,101.16,102.0,103.18,100.24,3733548,-0.29,101.12
20180130,101.45,101.55,106.84,101.0,6562406,3.92,103.11
20180129,97.62,96.76,98.42,96.36,3608558,0.57,97.68
20180126,97.07,93.06,97.12,92.72,3621758,4.57,95.62
20180125,92.83,92.02,93.25,91.85,2065814,1.46,92.52
20180124,91.49,92.06,92.42,91.06,1165589,-0.26,91.57
20180123,91.73,92.31,92.71,91.11,1532383,-1.22,92.0
20180122,92.86,92.88,93.38,92.08,1843974,-0.16,92.8
20180119,93.01,90.32,93.32,90.06,4204211,3.22,92.22
20180118,90.11,89.57,90.48,89.13,2123951,0.79,89.83
20180117,89.4,89.04,89.69,88.59,1325619,0.69,89.21
20180116,88.79,89.03,90.03,88.51,2394136,-0.01,89.12
20180112,88.8,87.36,89.03,86.72,1871335,2.1,88.41
20180111,86.97,85.32,87.37,85.3,1911085,2.37,86.71
20180110,84.96,85.74,86.44,84.92,1740796,-1.21,85.44
20180109,86.0,86.5,87.02,85.94,1842887,-0.86,86.26
20180108,86.75,86.64,86.93,85.8,1367429,-0.21,86.6
20180105,86.93,86.18,87.03,85.24,3079056,1.13,85.98
20180104,85.96,86.34,86.74,85.4,2750296,-1.24,85.94
20180103,87.04,88.71,89.3,86.61,2402154,-2.76,87.42
20180102,89.51,88.0,89.81,87.79,1826916,1.9,89.34
20171229,87.84,88.48,89.06,87.78,1242779,-0.53,88.13
20171228,88.31,88.16,88.5,87.63,1228019,0.48,88.17
20171227,87.89,88.94,89.1,87.23,1698221,-1.4,87.94
20171226,89.14,89.24,89.94,88.96,921922,0.06,89.31
20171222,89.09,87.98,89.1,87.85,1908898,1.42,88.45
20171221,87.84,86.52,88.41,86.42,1957446,1.61,87.5
20171220,86.45,87.37,87.94,84.72,3414919,-2.68,86.71
20171219,88.83,89.82,90.29,88.7,2511957,-0.96,89.24
20171218,89.69,88.99,90.09,88.68,2573022,1.39,89.64
20171215,88.46,86.63,88.69,86.49,3810886,2.68,88.15
20171214,86.15,87.35,87.78,86.09,1729440,-1.64,86.8
20171213,87.59,86.53,88.3,85.44,3067346,1.32,87.28
20171212,86.45,86.37,87.16,86.11,3107742,1.74,86.54
20171211,84.97,84.81,85.75,84.62,2242762,0.15,85.02
20171208,84.84,85.39,85.55,84.13,2683337,-0.26,84.83
20171207,85.06,83.04,85.73,82.21,3036875,2.36,84.77
20171206,83.1,83.32,83.47,82.08,1760320,-0.14,82.91
20171205,83.22,84.31,84.31,82.38,2626705,-1.25,83.36
20171204,84.27,84.75,85.88,84.2,2258508,0.26,84.77
20171201,84.05,84.68,84.88,82.73,3486356,-1.12,83.78
20171130,85.0,82.74,86.04,82.74,8262246,6.06,84.66
20171129,80.14,78.03,81.59,77.76,3616254,2.65,80.37
20171128,78.07,77.35,78.22,76.93,1272558,0.93,77.72
20171127,77.35,77.19,77.69,76.48,1347702,0.21,77.32
20171124,77.19,77.28,77.36,76.34,482260,0.16,76.97
20171122,77.07,75.84,78.19,75.45,1581993,1.55,77.41
20171121,75.89,74.78,75.94,74.28,1860291,1.72,75.42
20171120,74.61,75.24,75.42,74.26,2122691,-0.84,74.7
20171117,75.24,75.6,75.93,74.97,1735491,-0.96,75.36
20171116,75.97,75.12,76.22,75.12,2608514,1.39,75.91
20171115,74.93,75.73,75.8,74.84,2410233,-1.47,75.27
20171114,76.05,77.5,77.68,75.72,3323226,-2.14,76.26
20171113,77.71,78.53,78.53,77.22,1878018,-1.23,77.72
20171110,78.68,79.15,79.33,78.31,1804607,-0.92,78.71
20171109,79.41,78.49,79.48,78.46,2668828,0.7,79.1
20171108,78.86,77.71,79.62,77.5,2653139,1.21,78.8
20171107,77.92,76.99,78.2,76.92,1707672,1.37,77.82
20171106,76.87,76.45,77.47,76.43,2455013,0.58,76.98
20171103,76.43,76.91,77.49,75.72,2124545,0.0,76.39
20171102,76.43,76.34,77.47,75.77,2395779,-0.52,76.59
20171101,76.83,75.73,77.53,75.29,3895635,1.56,76.85
20171031,75.65,76.16,77.61,74.99,3483132,-0.7,75.7
20171030,76.18,76.26,76.9,75.95,2865636,-0.64,76.3
20171027,76.67,76.85,77.84,75.98,2899665,-0.29,76.63
20171026,76.89,79.43,79.58,76.7,3925410,-2.92,77.27
20171025,79.2,79.31,79.32,77.95,2922207,-0.47,78.61
20171024,79.57,80.52,80.95,79.12,2453074,-1.46,79.75
20171023,80.75,81.33,81.77,80.69,2277199,-0.37,81.19
20171020,81.05,80.15,81.14,79.95,3793204,1.58,80.79
20171019,79.79,78.3,79.95,76.86,6572109,3.02,78.51
20171018,77.45,77.04,78.11,76.97,4521887,0.82,77.61
20171017,76.82,75.62,78.35,75.3,3771288,2.17,76.74
20171016,75.19,74.29,75.47,74.25,3428586,0.82,75.04
20171013,74.58,71.5,74.72,71.18,4928039,0.49,73.77
20171012,74.22,75.33,75.48,73.64,4312879,-1.73,74.41
20171011,75.53,75.42,75.85,75.04,1862772,0.11,75.49
20171010,75.45,75.45,76.34,74.9,2817688,0.19,75.48
20171009,75.31,76.4,76.53,74.48,2455370,-1.74,75.35
20171006,76.64,77.35,77.71,76.43,1998937,-0.8,76.79
20171005,77.26,77.62,78.67,77.12,3200400,-0.55,77.66
20171004,77.69,79.26,79.63,77.33,2201247,-2.25,78.2
20171003,79.48,79.72,80.18,79.13,1696670,-0.55,79.65
20171002,79.92,79.79,80.4,79.05,1557874,0.41,79.79
20170929,79.59,79.11,79.71,78.97,1455790,0.62,79.49
20170928,79.1,77.83,79.58,77.76,1928050,1.19,78.95
20170927,78.17,77.85,78.35,77.04,1949804,0.67,77.86
20170926,77.65,76.76,77.84,76.75,1971967,1.84,77.52
20170925,76.25,77.88,78.47,75.77,2730394,-2.52,76.45
20170922,78.22,77.44,78.94,77.44,3027148,0.73,78.29
20170921,77.65,77.79,77.89,77.31,1365982,-0.13,77.65
20170920,77.75,76.37,77.9,76.23,2659853,1.9,77.19
20170919,76.3,77.53,77.75,75.56,4522356,-1.78,76.39
20170918,77.68,79.28,79.35,77.01,2810134,-1.97,77.71
20170915,79.24,79.87,80.38,78.73,2451655,-0.79,79.43
20170914,79.87,79.08,79.94,78.47,1840132,1.18,79.55
20170913,78.94,78.61,79.01,78.46,1668555,0.23,78.81
20170912,78.76,78.3,78.95,77.91,1362651,0.52,78.55
20170911,78.35,77.81,78.79,77.01,1876833,1.69,78.26
20170908,77.05,76.18,77.1,75.74,1922216,0.89,76.67
20170907,76.37,77.26,77.73,76.1,2789003,-1.18,76.74
20170906,77.28,78.44,78.44,76.14,2784789,-1.32,77.13
20170905,78.31,78.58,79.01,78.06,2152023,-0.46,78.48
20170901,78.67,78.86,79.21,78.15,1852138,0.01,78.64
20170831,78.66,77.61,78.88,77.57,2127023,1.64,78.51
20170830,77.39,77.47,77.7,76.85,1429189,-0.26,77.32
20170829,77.59,78.32,78.77,76.98,2808739,-1.98,77.54
20170828,79.16,79.43,79.78,78.9,1370116,-0.44,79.27
20170825,79.51,79.37,80.12,78.89,1245723,0.32,79.64
20170824,79.26,79.11,79.67,78.89,1412595,0.46,79.37
20170823,78.9,78.62,79.08,78.16,1789488,0.14,78.66
20170822,78.79,78.36,78.93,78.23,1331115,0.68,78.68
20170821,78.26,77.51,78.44,77.43,1703106,0.94,78.17
20170818,77.53,77.64,78.1,77.5,1360858,-0.33,77.72
20170817,77.79,78.81,79.45,77.68,1473765,-1.52,78.32
20170816,78.99,79.3,79.63,78.82,1275646,-0.33,79.03
20170815,79.25,79.81,80.16,78.86,1599196,-0.34,79.22
20170814,79.52,79.62,79.76,78.95,2035971,0.19,79.45
20170811,79.37,77.63,79.69,77.63,2492255,2.0,79.08
20170810,77.81,77.79,78.1,77.55,2519814,-0.14,77.85
20170809,77.92,78.23,78.26,77.62,1766788,-0.27,77.97
20170808,78.13,78.0,78.79,77.22,3036920,-0.46,78.27
20170807,78.49,78.77,79.13,78.4,1684686,-0.48,78.65
20170804,78.87,79.29,79.44,78.66,1156568,-0.11,78.88
20170803,78.96,78.46,79.35,78.31,1552086,-0.03,78.99
20170802,78.98,79.4,79.67,78.72,2714922,-0.38,79.09
20170801,79.28,80.46,80.9,79.18,3178920,-1.32,79.71
20170731,80.34,80.33,80.57,79.53,2016181,-0.12,80.2
20170728,80.44,80.11,81.62,80.08,2461836,0.6,80.58
20170727,79.96,81.02,81.23,79.62,2816630,-2.05,80.24
20170726,81.63,81.0,82.47,80.19,4315992,-0.67,81.35
20170725,82.18,82.6,84.68,81.79,4952332,-4.54,82.92
20170724,86.09,85.74,86.62,85.5,2533328,0.42,86.16
20170721,85.73,86.14,86.5,85.22,2150287,-0.03,85.74
20170720,85.76,85.22,86.76,85.02,2254744,0.62,86.05
20170719,85.23,85.96,86.66,85.05,2308870,-0.75,85.56
20170718,85.87,86.92,87.17,85.2,2088719,-0.73,86.1
20170717,86.5,86.44,87.06,86.17,955445,-0.16,86.69
20170714,86.64,86.42,86.88,85.96,1057818,0.08,86.59
20170713,86.57,86.39,86.79,86.02,1198877,0.14,86.47
20170712,86.45,86.91,87.29,86.27,1016324,0.06,86.65
20170711,86.4,85.95,87.12,85.71,1751211,0.61,86.5
20170710,85.88,85.95,86.48,85.26,1253125,-0.3,85.76
20170707,86.14,84.95,86.49,84.7,1613178,1.54,85.99
20170706,84.83,86.81,86.98,84.59,2319902,-2.76,85.1
20170705,87.24,87.3,87.99,87.09,1534854,0.06,87.33
20170703,87.19,87.48,87.83,86.98,695728,-0.01,87.27
20170630,87.2,87.23,87.79,87.1,1727913,0.45,87.33
20170629,86.81,87.25,87.79,86.08,1618275,-0.2,86.99
20170628,86.98,86.86,87.52,86.46,1516196,1.13,87.12
20170627,86.01,86.43,87.04,85.88,1669558,-0.7,86.37
20170626,86.62,86.23,87.37,86.15,1420346,0.44,86.87
20170623,86.24,86.37,86.58,85.51,4885879,0.12,86.15
20170622,86.14,83.98,87.88,83.88,3249511,2.49,86.43
20170621,84.05,83.82,84.85,83.52,1725457,0.37,84.17
20170620,83.74,84.16,84.5,82.98,1681295,-1.03,83.78
20170619,84.61,83.62,84.69,83.2,1079116,1.44,84.3
20170616,83.41,84.13,84.2,83.06,1915448,-0.73,83.44
20170615,84.02,84.86,85.22,83.94,1547411,-1.56,84.21
20170614,85.35,85.14,85.69,84.72,1711454,0.59,85.26
20170613,84.85,84.98,85.26,84.68,1288215,-0.01,84.9
20170612,84.86,83.44,85.46,83.44,2234735,1.54,84.81
20170609,83.57,82.8,83.62,82.31,1959773,0.93,83.28
20170608,82.8,82.81,83.45,82.16,2050045,0.15,82.76
20170607,82.68,83.45,83.87,82.05,1509304,0.24,82.59
20170606,82.48,82.4,82.65,81.65,1406054,0.1,82.21
20170605,82.4,83.03,83.28,82.05,1378584,-1.12,82.41
20170602,83.33,83.64,84.12,82.99,1216557,-0.5,83.46
20170601,83.75,82.03,84.03,82.03,1794900,2.25,83.53
20170531,81.91,81.94,82.58,81.73,2773102,-0.1,82.01
20170530,81.99,82.32,83.25,81.98,1235267,-0.86,82.38
20170526,82.7,82.9,83.28,81.96,1139821,-0.49,82.48
20170525,83.11,82.51,83.49,82.07,697713,0.82,83.17
20170524,82.43,81.86,82.76,81.29,1215228,0.61,82.3
20170523,81.93,82.33,82.64,81.87,1352993,-0.47,82.18
20170522,82.32,81.86,82.71,81.83,993891,0.21,82.31
20170519,82.15,81.55,83.05,81.44,1965608,1.1,82.46
20170518,81.26,81.7,82.01,81.1,1665567,-0.38,81.48
20170517,81.57,83.03,83.15,81.43,3322604,-2.3,82.05
20170516,83.49,84.23,84.23,83.2,1414041,-0.39,83.49
20170515,83.82,84.52,84.72,83.77,1564817,-0.93,84.0
20170512,84.61,85.21,85.22,84.04,1225273,-0.8,84.49
20170511,85.29,85.03,85.39,84.44,1194956,-0.32,84.97
20170510,85.56,84.24,85.9,83.94,1935603,1.7,85.4
20170509,84.13,84.01,84.28,83.77,1606384,0.32,84.11
20170508,83.86,83.74,83.99,83.47,2059958,0.43,83.78
20170505,83.5,83.6,84.21,83.13,1350265,0.02,83.49
20170504,83.48,82.58,83.87,81.42,2997036,0.76,82.97
20170503,82.85,84.5,85.04,82.44,3307016,-2.23,83.25
20170502,84.74,84.26,85.93,84.06,3018306,1.05,85.01
20170501,83.86,84.21,84.7,83.84,1780620,-0.42,84.2
20170428,84.21,83.6,84.35,83.6,1464807,0.92,84.09
20170427,83.44,83.53,84.02,82.88,1561226,-0.12,83.43
20170426,83.54,84.91,85.08,82.93,2634445,-1.26,83.81
20170425,84.61,84.39,85.03,84.22,1451398,0.42,84.73
20170424,84.26,84.59,85.17,84.23,2108041,0.85,84.6
20170421,83.55,84.06,84.22,83.31,1764435,-0.68,83.68
20170420,84.12,84.26,84.82,82.72,4298977,-0.58,83.6
20170419,84.61,85.3,85.8,84.42,2255021,-0.7,85.08
20170418,85.21,85.59,85.85,84.81,2295431,-0.51,85.16
20170417,85.65,85.0,85.9,84.15,4345285,-2.36,85.26
20170413,87.72,88.55,88.55,87.55,1045528,-0.54,87.95
20170412,88.2,87.52,88.29,87.02,1474632,0.23,87.79
20170411,88.0,88.05,88.12,87.39,1102451,-0.28,87.87
20170410,88.25,87.92,88.52,87.58,1375433,0.4,88.27
20170407,87.9,88.63,88.63,87.58,1186371,-0.92,87.94
20170406,88.72,88.47,88.73,87.74,2732824,0.28,88.41
20170405,88.47,88.22,89.8,88.0,2094755,0.91,88.82
20170404,87.67,88.92,88.94,86.27,3326641,-1.86,87.31
20170403,89.33,88.97,89.42,88.54,1838121,0.38,89.07
20170331,88.99,89.09,89.29,88.54,1709537,-0.29,88.94
20170330,89.25,88.94,89.47,88.72,1923558,0.07,89.19
20170329,89.19,89.38,90.42,88.66,3553981,-0.49,89.38
20170328,89.63,89.99,90.17,88.04,4933234,-0.95,88.94
20170327,90.49,87.97,91.03,87.76,8584410,5.17,90.09
20170324,86.04,83.64,86.48,83.41,5855227,3.45,85.67
20170323,83.17,82.52,84.21,82.39,3160032,0.76,83.32
20170322,82.54,82.5,82.73,81.36,2531115,-0.1,82.15
20170321,82.62,83.93,84.49,81.51,2659592,-1.55,82.85
20170320,83.92,84.56,84.77,83.54,1875053,-0.79,83.94
20170317,84.59,84.45,84.73,83.84,2528908,0.4,84.41
20170316,84.25,85.43,85.73,83.9,4014217,-1.52,84.36
20170315,85.55,84.0,85.79,83.8,2395554,2.23,85.11
20170314,83.68,84.28,84.4,83.05,2663836,-1.54,83.7
20170313,84.99,85.98,85.98,84.16,2505892,-0.89,84.92
20170310,85.75,87.36,87.45,85.55,2620299,-1.31,85.95
20170309,86.89,86.54,87.63,86.25,1907584,0.47,87.1
20170308,86.48,86.5,87.85,86.25,2764770,-0.17,86.9
20170307,86.63,87.4,87.67,86.43,1990728,-1.31,86.9
20170306,87.78,88.28,88.41,87.68,1350888,-0.85,87.98
20170303,88.53,87.37,88.62,87.23,1340413,1.36,88.26
20170302,87.34,87.72,88.16,87.29,1290719,-0.8,87.56
20170301,88.04,87.95,88.5,87.43,1646450,0.92,88.05
20170228,87.24,86.88,87.62,86.78,2171377,-0.62,87.31
20170227,87.78,86.95,87.97,86.95,2605987,0.82,87.64
20170224,87.07,85.98,87.44,85.68,1856977,0.72,86.73
20170223,86.45,86.0,86.61,85.36,2207786,0.63,86.28
20170222,85.91,85.35,86.12,84.88,1701683,0.2,85.88
20170221,85.74,84.96,86.39,84.73,2170569,1.31,85.69
20170217,84.63,83.82,84.65,83.16,1813600,0.58,84.26
20170216,84.14,84.42,84.88,83.69,1519471,-0.18,84.12
20170215,84.29,83.75,84.62,83.37,2867716,0.69,84.28
20170214,83.71,83.59,84.31,83.5,1934424,-0.05,83.8
20170213,83.75,83.68,84.22,83.58,1323322,0.14,83.78
20170210,83.63,83.65,84.08,83.1,1347029,-0.01,83.65
20170209,83.64,82.64,83.97,82.64,1286819,0.77,83.44
20170208,83.0,82.31,83.38,82.05,1918374,0.5,83.02
20170207,82.59,82.75,83.24,82.21,1455407,-0.1,82.74
20170206,82.67,83.81,84.26,82.59,2819744,-1.35,83.05
20170203,83.8,82.8,84.12,82.57,2847282,1.83,83.6
20170202,82.29,81.72,82.86,81.43,2316155,0.4,82.39
20170201,81.96,80.84,82.61,80.73,3091232,2.09,81.93
20170131,80.28,79.7,80.49,78.5,3077325,1.25,79.8
20170130,79.29,79.49,79.49,78.4,1911888,-0.29,79.05
20170127,79.52,80.58,80.6,79.37,1481891,-0.95,79.64
20170126,80.28,80.51,81.34,80.14,1854998,-0.36,80.59
20170125,80.57,80.42,81.14,80.1,2994282,0.3,80.63
20170124,80.33,79.6,80.35,79.02,2010642,0.61,79.88
20170123,79.84,79.06,80.33,78.07,4095673,0.16,79.37
20170120,79.71,78.55,79.85,78.53,1882548,1.39,79.55
20170119,78.62,79.46,79.81,78.57,2560201,-1.39,79.12
20170118,79.73,81.25,81.33,79.64,2845346,-1.48,80.12
20170117,80.93,80.98,82.2,78.81,3645011,1.93,81.11
20170113,79.4,79.24,79.81,79.1,1436595,0.35,79.47
20170112,79.12,79.14,79.4,78.54,1483080,-0.24,78.99
20170111,79.31,78.64,79.63,78.26,1837539,1.33,79.11
20170110,78.27,78.84,79.23,77.81,2319616,-0.82,78.62
20170109,78.92,76.04,81.06,76.04,4616414,3.0,79.33
20170106,76.62,76.66,77.31,76.57,1872294,-0.25,76.78
20170105,76.81,76.72,77.43,76.66,2808801,-0.41,76.91
20170104,77.13,75.13,77.32,74.57,3232251,3.59,76.5
20170103,74.46,74.36,74.8,73.52,2065783,0.59,74.22
20161230,74.02,73.85,74.26,72.85,1711055,0.18,73.85
20161229,73.89,73.25,74.21,73.25,1036377,0.45,73.87
20161228,73.56,74.41,74.62,73.21,1292905,-1.09,73.65
20161227,74.37,74.5,75.14,74.13,1058910,-0.12,74.51
20161223,74.46,73.9,74.61,73.7,1048594,0.68,74.33
20161222,73.96,73.6,74.53,73.5,1556979,0.6,74.0
20161221,73.52,73.35,73.93,73.16,1077997,0.23,73.61
20161220,73.35,73.7,73.79,73.28,1793574,-0.2,73.5
20161219,73.5,73.76,74.17,73.15,1955514,-0.89,73.54
20161216,74.16,74.9,74.95,73.41,6243297,-0.4,74.02
20161215,74.46,72.98,74.96,72.9,2505523,1.9,74.35
20161214,73.07,73.81,73.9,72.62,2563359,-1.19,73.34
20161213,73.95,73.91,74.7,73.58,2139769,-0.03,74.05
20161212,73.97,73.58,75.58,73.15,3575207,0.98,74.33
20161209,73.25,72.65,74.03,72.4,2403896,0.98,73.23
20161208,72.54,72.11,72.89,70.65,3093645,0.81,72.12
20161207,71.96,71.05,73.0,70.72,3115765,1.07,72.17
20161206,71.2,70.57,71.41,70.39,2853241,0.88,71.09
20161205,70.58,70.58,70.91,70.0,2511894,0.38,70.53
20161202,70.31,71.44,72.18,70.26,1806250,-1.25,70.85
20161201,71.2,70.93,72.45,70.75,2063449,0.44,71.42
20161130,70.89,71.72,71.8,70.33,2367434,-0.88,70.99
20161129,71.52,69.9,71.62,69.59,2099467,1.53,71.25
20161128,70.44,71.23,71.37,70.25,2144477,-1.33,70.59
20161125,71.39,71.24,71.41,70.59,787620,0.55,71.17
20161123,71.0,69.6,71.48,69.18,2986162,1.3,70.7
20161122,70.09,73.0,73.35,69.94,4934727,-3.91,70.7
20161121,72.94,72.56,73.61,72.14,3173279,0.76,72.88
20161118,72.39,74.68,74.97,72.32,4314289,-3.04,72.82
20161117,74.66,73.44,75.13,73.31,3483442,1.52,74.74
20161116,73.54,74.12,74.25,72.94,2723214,-0.62,73.52
20161115,74.0,73.11,74.0,72.02,4393223,2.86,73.42
20161114,71.94,69.58,72.69,69.58,5982277,3.39,71.63
20161111,69.58,71.28,71.53,68.02,8891606,-3.44,69.5
20161110,72.06,72.5,73.94,70.39,9313070,-0.14,71.83
20161109,72.16,68.69,72.34,67.0,23023688,-10.78,69.79
20161108,80.88,79.09,81.27,78.56,3542932,1.58,80.44
20161107,79.62,77.21,79.81,77.21,5035981,5.69,79.18
20161104,75.33,73.94,75.57,73.58,3801176,2.62,75.04
20161103,73.41,75.46,76.29,73.31,3197917,-2.25,74.42
20161102,75.1,75.44,75.86,74.98,3144986,-0.4,75.39
20161101,75.4,76.8,77.02,74.97,3083352,-1.48,75.57
20161031,76.53,77.42,77.48,76.25,3310180,-1.01,76.62
20161028,77.31,79.33,79.41,76.26,4814121,-2.52,77.91
20161027,79.31,79.08,81.06,78.94,4621711,0.48,79.84
20161026,78.93,80.38,80.38,78.69,3690643,-2.51,79.29
20161025,80.96,81.69,82.16,80.61,2106332,-0.93,80.93
20161024,81.72,82.0,82.31,81.68,1796270,-0.02,81.87
20161021,81.74,81.68,82.0,81.13,1325008,-0.33,81.75
20161020,82.01,81.91,82.3,81.33,2347288,0.22,81.9
20161019,81.83,81.79,82.21,80.95,3146993,-0.23,81.9
20161018,82.02,81.11,82.37,80.76,2660096,2.03,81.87
20161017,80.39,80.27,80.74,79.95,2183828,0.09,80.3
20161014,80.32,80.49,81.28,79.94,2868587,0.04,80.38
20161013,80.29,76.96,80.41,76.88,6765609,4.42,79.29
20161012,76.89,75.87,76.93,75.42,3645971,1.49,76.57
20161011,75.76,76.25,76.25,75.06,2767940,-0.25,75.53
20161010,75.95,74.55,76.25,74.55,3811665,2.32,75.77
20161007,74.23,74.68,75.38,73.86,2189453,-0.5,74.42
20161006,74.6,74.66,74.87,74.11,1790765,-0.19,74.58
20161005,74.74,74.67,75.11,74.55,1306486,0.32,74.81
20161004,74.5,74.63,75.16,74.06,1905150,-0.07,74.59
20161003,74.55,75.17,75.2,74.04,1961018,-1.43,74.48
20160930,75.63,75.52,75.89,74.74,2572638,0.49,75.58
20160929,75.26,75.39,76.04,74.67,2452232,-0.23,75.38
20160928,75.43,75.3,75.63,74.37,2171409,0.4,75.14
20160927,75.13,74.88,75.37,74.64,1833043,0.29,75.01
20160926,74.91,75.77,75.98,74.48,2991684,-1.59,74.88
20160923,76.12,76.97,77.35,76.03,1959167,-0.34,76.33
20160922,76.38,76.04,76.71,75.84,2367414,1.25,76.38
20160921,75.44,75.27,75.9,74.73,2808616,0.65,75.38
20160920,74.95,76.0,76.13,74.68,2362676,-1.19,75.06
20160919,75.85,75.42,76.7,75.41,1441677,0.74,76.1
20160916,75.29,75.25,76.0,74.87,3955021,-0.13,75.3
20160915,75.39,74.98,75.88,74.7,2091652,0.35,75.38
20160914,75.13,76.02,76.02,74.05,4022521,-1.35,74.86
20160913,76.16,76.14,76.59,75.52,1740724,-1.16,76.1
20160912,77.05,75.36,77.5,74.94,2779698,1.46,76.79
20160909,75.94,77.46,77.79,75.94,1834796,-2.62,76.5
20160908,77.98,78.0,78.11,77.39,1422128,-0.19,77.88
20160907,78.13,76.43,79.28,75.8,3536704,2.6,78.2
20160906,76.15,76.25,76.28,74.94,4533867,-0.47,75.7
20160902,76.51,75.56,76.68,75.35,2105260,1.8,76.28
20160901,75.16,75.59,75.9,74.76,1952975,-0.52,75.04
20160831,75.55,75.85,76.15,75.0,1932636,-0.75,75.49
20160830,76.12,74.96,76.17,74.96,1846110,1.55,75.75
20160829,74.96,74.2,75.15,74.15,1486887,0.94,74.92
20160826,74.26,74.96,75.44,73.69,2794416,-1.01,74.32
20160825,75.02,74.16,75.46,73.85,2653686,1.35,75.03
20160824,74.02,74.9,74.99,73.9,2815621,-1.27,74.32
20160823,74.97,75.02,75.56,74.71,1171021,0.24,75.02
20160822,74.79,74.51,75.0,74.33,1314655,0.38,74.74
20160819,74.51,74.18,74.72,73.91,1891324,-0.2,74.41
20160818,74.66,73.75,75.08,73.24,2282307,0.86,74.7
20160817,74.02,75.94,75.94,73.29,5272637,-2.75,74.05
20160816,76.11,77.0,77.0,76.11,2648357,-1.69,76.44
20160815,77.42,76.72,77.8,76.52,2070837,1.02,77.32
20160812,76.64,77.02,77.18,76.46,1469383,-0.62,76.73
20160811,77.12,76.54,77.49,76.43,2602797,0.84,77.17
20160810,76.48,75.99,77.06,75.88,1596217,0.45,76.47
20160809,76.14,76.21,77.1,75.89,2472550,-0.14,76.4
20160808,76.25,76.02,77.07,75.65,3698248,0.54,76.39
20160805,75.84,75.6,75.93,75.26,2955255,0.78,75.76
20160804,75.25,75.64,75.7,75.0,1695345,-0.61,75.3
20160803,75.71,74.25,75.94,74.11,2943403,0.89,75.22
20160802,75.04,75.45,76.08,74.65,3591853,-0.64,75.1
20160801,75.52,77.0,77.75,75.08,3775655,-2.09,75.84
20160729,77.13,76.73,77.86,75.95,3725846,-0.96,76.93
20160728,77.88,74.88,78.87,74.1,4733887,-0.13,77.04
20160727,77.98,77.54,78.92,76.4,3891903,-2.11,77.92
20160726,79.66,79.48,80.15,79.08,2614577,-0.05,79.72
20160725,79.7,80.23,80.49,79.1,1778619,-0.81,79.66
20160722,80.35,81.02,81.2,79.3,1451114,-0.35,80.11
20160721,80.63,80.37,81.79,80.17,2761255,0.12,81.08
20160720,80.53,79.63,80.6,79.63,1699194,1.47,80.35
20160719,79.36,79.45,80.08,78.6,1607708,-0.24,79.31
20160718,79.55,78.61,79.6,78.61,1314873,1.07,79.28
20160715,78.71,78.58,79.32,78.56,1618935,0.51,78.83
20160714,78.31,79.98,80.13,78.04,2098160,-1.56,78.61
20160713,79.55,79.0,79.95,78.84,2749733,1.47,79.56
20160712,78.4,78.27,78.73,77.91,2700951,0.31,78.3
20160711,78.16,78.56,78.68,78.1,1601162,-0.06,78.44
20160708,78.21,77.57,78.59,77.37,4021174,1.58,78.07
20160707,76.99,76.42,77.94,76.11,2215123,1.08,77.31
20160706,76.17,75.91,76.68,75.13,2269617,0.08,76.12
20160705,76.11,76.5,76.5,75.33,3435418,-0.72,75.95
20160701,76.66,76.92,77.56,76.36,2204314,-0.45,76.82
20160630,77.01,77.17,77.5,76.21,2473825,-0.05,76.95
20160629,77.05,76.39,77.3,76.3,1640074,1.48,76.94
20160628,75.93,75.02,76.07,74.95,1893915,2.02,75.73
20160627,74.43,76.15,76.2,73.82,2871850,-2.98,74.39
20160624,76.72,77.3,78.22,76.57,5764856,-3.8,77.04
20160623,79.75,79.85,80.62,79.45,1460607,0.57,79.81
20160622,79.3,78.66,79.76,78.35,1864446,0.7,79.14
20160621,78.75,78.88,79.18,78.04,2009644,0.23,78.65
20160620,78.57,78.13,78.97,78.13,3305617,1.47,78.59
20160617,77.43,77.72,78.46,76.82,3211195,-0.3,77.47
20160616,77.66,77.01,77.75,76.51,1347394,-0.19,77.27
20160615,77.81,78.27,78.54,77.63,1477378,-0.26,78.01
20160614,78.01,77.61,78.41,77.26,1457081,0.08,77.84
20160613,77.95,79.2,79.45,77.95,2106134,-2.01,78.4
20160610,79.55,80.25,80.47,79.21,1544541,-1.83,79.66
20160609,81.03,80.82,81.28,80.63,1589849,0.06,80.98
20160608,80.98,79.27,81.22,79.27,2912454,2.2,80.68
20160607,79.24,78.59,79.66,78.59,1598786,0.72,79.36
20160606,78.67,78.11,78.83,77.91,1298456,0.68,78.42
20160603,78.14,79.0,79.03,78.0,1757611,-1.06,78.32
20160602,78.98,78.18,78.99,77.97,2015785,0.78,78.58
20160601,78.37,77.65,78.79,77.65,2270084,0.45,78.43
20160531,78.02,77.5,78.11,77.26,2633982,0.85,77.77
20160527,77.36,77.29,78.24,77.19,1335927,0.21,77.65
20160526,77.2,77.75,77.88,76.89,1360625,-0.68,77.2
20160525,77.73,77.61,78.48,77.61,2230175,0.22,77.95
20160524,77.56,76.2,77.95,76.03,2449406,1.76,77.45
20160523,76.22,76.79,77.09,75.96,2109786,-1.17,76.27
20160520,77.12,77.24,77.99,76.79,1891946,0.52,77.25
20160519,76.72,76.07,77.15,75.69,2396906,0.18,76.34
20160518,76.58,77.27,77.42,76.29,2360892,-0.89,76.77
20160517,77.27,77.87,78.46,76.77,3471079,-0.69,77.5
20160516,77.81,78.02,78.5,77.17,2654929,-0.14,77.66
20160513,77.92,77.86,78.57,77.45,2211475,0.3,77.85
20160512,77.69,80.6,80.85,77.43,4608789,-3.19,78.5
20160511,80.25,80.9,81.47,80.24,1804343,-0.84,80.72
20160510,80.93,81.06,81.07,80.13,2177667,-0.06,80.75
20160509,80.98,81.0,81.32,80.59,2505225,0.1,80.99
20160506,80.9,80.29,82.0,80.11,4875715,0.36,81.06
20160505,80.61,79.99,80.96,79.9,2331961,1.02,80.52
20160504,79.8,78.67,80.4,78.56,4852961,0.94,79.63
20160503,79.06,79.51,79.62,76.83,5887535,-2.65,78.21
20160502,81.21,80.6,81.24,79.43,3598367,0.73,80.55
20160429,80.62,81.47,81.52,79.3,3281554,-1.63,80.35
20160428,81.96,81.56,83.69,81.51,4002162,0.22,82.61
20160427,81.78,81.2,82.0,80.65,2643671,0.74,81.59
20160426,81.18,80.62,81.54,80.13,2686067,1.32,81.07
20160425,80.12,80.73,80.94,79.45,2036260,-0.98,80.0
20160422,80.91,80.44,81.43,80.44,2705378,0.86,80.93
20160421,80.22,80.39,81.09,80.01,3322042,0.14,80.45
20160420,80.11,79.43,81.06,78.06,4619383,0.41,79.8
20160419,79.78,81.12,81.45,79.25,5151836,-1.36,79.77
20160418,80.88,80.23,81.01,79.1,3819442,0.68,80.42
20160415,80.33,80.72,80.93,78.58,3752229,-0.48,79.81
20160414,80.72,80.79,81.0,80.24,2818842,0.15,80.66
20160413,80.6,80.5,81.0,79.97,2937093,1.03,80.67
20160412,79.78,79.28,80.03,79.28,3206834,0.26,79.76
20160411,79.57,79.32,80.05,79.09,2409139,0.54,79.63
20160408,79.14,79.45,80.22,78.77,3108116,0.38,79.25
20160407,78.84,78.49,79.31,78.06,3592112,-0.33,78.6
20160406,79.1,78.2,79.18,77.92,2796740,1.1,78.64
20160405,78.24,78.08,78.67,77.67,3204518,-0.62,78.3
20160404,78.73,79.25,79.35,78.21,2075281,-0.59,78.77
20160401,79.2,77.82,79.36,77.11,2487394,1.47,78.7
20160331,78.05,77.92,78.7,77.84,2312094,-0.06,78.19
20160330,78.1,78.0,79.0,77.15,2157398,0.7,78.03
20160329,77.56,76.05,77.61,76.0,2211066,1.47,76.97
20160328,76.44,76.56,77.2,75.96,1379897,0.09,76.61
20160324,76.37,76.19,76.99,75.33,3617892,-0.75,76.05
20160323,76.95,77.27,78.67,76.83,2662395,-0.27,77.39
20160322,77.16,75.12,78.0,75.03,3083722,2.17,76.99
20160321,75.52,75.25,76.61,74.93,2552493,0.08,75.52
20160318,75.46,73.94,76.23,73.76,5385215,2.36,75.43
20160317,73.72,74.36,74.58,72.8,2572106,-1.03,73.62
20160316,74.49,72.99,74.77,72.98,1992951,1.8,74.27
20160315,73.17,74.08,74.52,72.9,1598910,-2.07,73.23
20160314,74.72,75.92,75.95,74.13,2558295,-0.31,74.84
20160311,74.95,72.9,75.06,72.79,3764116,3.81,74.3
20160310,72.2,72.6,73.72,71.78,2364539,-0.08,72.65
20160309,72.26,71.85,72.37,71.03,3270730,1.08,71.93
20160308,71.49,72.25,72.86,71.25,2683069,-1.99,72.05
20160307,72.94,72.51,73.4,72.02,2472916,-0.08,72.71
20160304,73.0,72.96,74.21,72.46,3851272,0.1,73.36
20160303,72.93,71.23,73.0,71.12,3442544,2.29,72.57
20160302,71.3,70.53,71.5,69.93,2078439,0.72,70.88
20160301,70.79,69.67,70.94,69.48,3358825,2.28,70.33
20160229,69.21,70.28,70.54,69.19,3579287,-1.75,69.65
20160226,70.44,70.2,71.82,69.88,3870817,0.63,70.94
20160225,70.0,70.43,70.81,69.08,2847614,-0.2,69.98
20160224,70.14,69.35,70.4,68.67,2275484,0.43,69.71
20160223,69.84,69.7,70.48,69.01,3329204,-0.16,69.88
20160222,69.95,68.09,70.18,68.0,3407018,3.45,69.69
20160219,67.62,67.48,68.02,66.02,3912352,0.15,67.32
20160218,67.52,67.4,68.22,66.91,3089681,0.7,67.64
20160217,67.05,66.2,67.65,65.6,3140256,2.21,67.02
20160216,65.6,64.06,65.69,63.87,4123844,-0.62,64.93
20160212,66.01,64.5,66.11,64.23,3077327,2.74,65.35
20160211,64.25,66.11,67.28,64.11,4256770,-4.53,65.0
20160210,67.3,66.77,68.51,66.71,2468512,1.2,67.62
20160209,66.5,65.94,67.24,65.77,3168186,-0.4,66.49
20160208,66.77,68.36,68.43,66.12,3693354,-3.5,66.79
20160205,69.19,70.13,71.2,68.8,3465051,-1.34,69.91
20160204,70.13,70.2,70.89,69.03,3241156,-0.1,69.9
20160203,70.2,72.58,72.71,68.6,4982211,-2.45,69.96
20160202,71.96,70.55,72.45,69.88,4490125,1.32,71.77
20160201,71.02,69.45,71.51,69.18,5208836,2.07,70.75
20160129,69.58,68.0,71.27,67.75,7218027,3.07,69.88
20160128,67.51,68.79,70.39,66.31,5490371,0.06,67.94
20160127,67.47,66.94,68.66,66.93,4727606,0.76,67.69
20160126,66.96,65.72,67.35,65.39,2503168,2.1,66.75
20160125,65.58,65.75,66.47,65.35,2193546,-0.36,65.76
20160122,65.82,64.82,66.96,64.68,4278379,2.8,65.87
20160121,64.03,62.99,65.39,62.37,3592030,1.91,64.16
20160120,62.83,62.44,63.54,60.07,4933496,-1.01,61.72
20160119,63.47,64.94,65.53,62.47,4741313,-1.24,63.62
20160115,64.27,63.7,65.37,63.09,6356520,-1.31,63.92
20160114,65.12,65.06,66.47,64.54,5089371,0.26,65.35
20160113,64.95,66.6,68.02,63.6,6612840,-2.55,65.7
20160112,66.65,68.51,69.01,65.51,5274684,-1.74,67.08
20160111,67.83,68.7,69.46,67.35,8485945,5.54,68.18
20160108,64.27,64.48,65.55,63.63,3866755,-0.03,64.53
20160107,64.29,65.14,65.51,63.6,4071687,-2.56,64.52
20160106,65.98,65.49,66.53,65.14,4443731,-0.69,65.81
20160105,66.44,66.56,67.0,65.79,4366809,0.23,66.41
20160104,66.29,65.69,66.36,65.07,4068176,-1.98,65.83
20151231,67.63,67.95,68.86,67.6,2320243,-1.18,67.96
20151230,68.44,68.81,69.6,68.22,1847583,-0.8,68.82
20151229,68.99,68.34,69.33,68.24,1702836,1.4,68.89
20151228,68.04,68.79,68.95,67.62,1660556,-1.28,67.94
20151224,68.92,69.21,70.0,68.62,911488,-0.89,69.08
20151223,69.54,67.32,69.79,67.3,3431204,4.01,69.27
20151222,66.86,67.68,68.24,66.45,2946177,-1.11,67.0
20151221,67.61,64.99,67.68,64.85,4809637,4.87,66.97
20151218,64.47,64.31,65.6,64.18,5548785,-0.42,64.6
20151217,64.74,64.42,66.1,64.42,4842098,-1.1,65.08
20151216,65.46,66.49,67.49,64.28,4882137,-0.3,65.47
20151215,65.66,65.97,67.05,65.43,2798154,0.31,65.89
20151214,65.46,66.43,66.93,63.32,4924828,-1.27,64.9
20151211,66.3,67.63,68.14,65.89,2974907,-3.11,66.59
20151210,68.43,67.44,69.09,67.38,2813264,1.56,68.58
20151209,67.38,66.97,68.98,66.78,3794958,0.19,67.62
20151208,67.25,66.13,67.63,65.39,2940529,1.25,66.87
20151207,66.42,67.28,67.31,65.83,3503863,-1.23,66.34
20151204,67.25,67.72,68.43,67.01,4038843,-0.19,67.6
20151203,67.38,70.02,70.55,66.82,4258758,-3.76,68.3
20151202,70.01,71.01,72.3,69.74,4662516,-1.62,70.87
20151201,71.16,68.77,71.63,68.33,4124098,4.55,70.18
20151130,68.06,69.51,69.71,68.02,3925883,-2.0,68.33
20151127,69.45,69.2,69.97,68.91,955947,0.71,69.53
20151125,68.96,68.99,69.6,68.6,3313540,-0.04,69.1
20151124,68.99,67.09,69.11,66.79,2723745,2.42,68.35
20151123,67.36,66.43,68.2,66.03,3264722,-0.09,67.46
20151120,67.42,66.03,67.78,65.74,4827055,3.1,66.85
20151119,65.39,68.97,69.09,65.09,8715586,-6.87,66.09
20151118,70.21,69.3,70.72,69.03,3915920,1.39,70.05
20151117,69.25,67.13,69.58,66.74,4199836,3.05,68.87
20151116,67.2,66.31,67.31,65.95,3977012,1.13,66.7
20151113,66.45,65.16,67.14,64.67,3767125,2.06,66.3
20151112,65.11,67.48,67.79,65.02,6039176,-3.77,66.09
20151111,67.66,70.32,70.32,67.52,3389228,-3.45,68.36
20151110,70.08,69.84,70.6,69.41,3637655,0.14,70.03
20151109,69.98,69.59,70.09,68.79,3626818,0.01,69.57
20151106,69.97,68.46,70.46,68.46,4766348,2.01,69.59
20151105,68.59,68.67,68.98,67.27,5229945,-0.12,68.24
20151104,68.67,68.98,69.49,68.15,3094070,-0.19,68.77
20151103,68.8,69.35,69.79,68.16,3474911,-1.36,68.97
20151102,69.75,68.96,70.05,68.79,3384971,1.4,69.63
20151030,68.79,68.39,69.86,68.01,6279309,1.61,69.01
20151029,67.7,69.0,69.65,67.67,4608184,-1.86,68.29
20151028,68.98,68.74,69.64,67.05,7227899,0.26,68.55
20151027,68.8,69.64,70.94,68.36,7370824,-0.41,69.34
20151026,69.08,68.54,70.54,68.39,5957961,0.14,69.49
20151023,68.98,67.0,69.67,66.4,6580484,4.39,68.44
20151022,66.08,65.79,69.01,64.04,14726977,-7.19,66.13
20151021,71.2,72.91,72.96,69.78,4259188,-1.68,71.15
20151020,72.42,73.49,74.15,71.85,4297770,-1.48,72.63
20151019,73.51,72.92,73.93,72.13,3914533,0.77,73.32
20151016,72.95,72.51,74.57,72.1,5777602,1.02,73.02
20151015,72.21,69.5,72.58,68.13,15350442,-5.01,70.65
20151014,76.02,76.11,77.14,75.39,3887205,0.21,76.11
20151013,75.86,77.32,78.48,75.7,4023270,-2.48,76.71
20151012,77.79,77.53,78.37,76.78,2242041,-0.15,77.68
20151009,77.91,76.66,78.3,75.95,2972659,1.63,77.73
20151008,76.66,76.95,77.34,74.77,3380755,-1.15,76.13
20151007,77.55,77.32,77.85,75.45,4028313,0.45,76.87
20151006,77.2,78.95,79.31,76.06,3837471,-2.09,77.37
20151005,78.85,78.67,81.39,77.91,4077015,1.23,79.19
20151002,77.89,75.78,77.91,74.76,3898427,1.04,76.38
20151001,77.09,77.32,78.33,75.55,3605490,-0.35,76.78
20150930,77.36,75.0,77.98,74.5,5820988,4.43,77.05
20150929,74.08,74.05,74.75,71.34,7131918,0.07,73.61
20150928,74.03,78.96,78.96,72.79,8229328,-6.82,74.78
20150925,79.45,82.58,82.99,79.26,3997843,-2.99,80.67
20150924,81.9,83.42,83.68,81.67,2766644,-2.69,82.16
20150923,84.16,82.71,84.64,82.14,3223692,1.77,83.79
20150922,82.7,81.58,83.0,81.02,3075920,0.56,82.49
20150921,82.24,83.35,84.04,81.21,3445043,-0.29,82.42
20150918,82.48,84.96,86.04,82.47,9059020,-4.12,83.12
20150917,86.02,85.52,87.05,84.39,3211243,0.96,85.75
20150916,85.2,85.59,85.72,84.09,3077265,-0.75,85.0
20150915,85.84,85.11,86.2,84.46,1854265,1.01,85.42
20150914,84.98,85.06,86.09,84.64,2720031,0.34,85.14
20150911,84.69,85.01,85.95,84.4,3278772,-0.69,84.83
20150910,85.28,85.8,86.45,84.85,2983287,-0.8,85.45
20150909,85.97,88.44,88.46,85.76,1918971,-1.66,86.95
20150908,87.42,87.04,87.9,86.41,1986935,2.35,87.07
20150904,85.41,85.26,86.25,84.45,1721129,-1.15,85.3
20150903,86.4,86.17,88.18,85.74,2372230,1.09,86.77
20150902,85.47,85.25,85.5,83.74,2589859,1.36,84.59
20150901,84.32,84.89,85.77,83.6,2491024,-2.66,84.63
20150831,86.62,89.0,89.61,86.13,2650415,-2.48,87.13
20150828,88.82,88.48,89.23,87.94,2195272,-0.02,88.6
20150827,88.84,87.48,89.84,86.76,3115469,2.17,88.57
20150826,86.95,84.7,87.09,83.83,4152949,4.62,85.58
20150825,83.11,85.9,86.61,83.08,4093222,-1.42,84.76
20150824,84.31,81.54,85.97,43.91,5482703,-2.25,83.96
20150821,86.25,86.21,87.0,84.1,6136813,-0.92,85.8
20150820,87.05,89.25,89.25,87.01,2861500,-3.08,87.85
20150819,89.82,90.26,90.54,89.27,2711390,-0.73,89.78
20150818,90.48,91.35,91.58,90.32,1914072,-0.92,90.78
20150817,91.32,90.81,91.52,89.76,2850724,-0.09,91.0
20150814,91.4,91.22,91.86,90.9,1875755,0.61,91.44
20150813,90.85,91.11,91.89,90.46,1247117,-0.03,90.98
20150812,90.88,89.46,91.3,88.3,1950248,0.46,89.66
20150811,90.46,90.69,91.27,89.08,2276967,-1.06,89.99
20150810,91.43,91.88,92.99,91.08,1637102,-0.03,91.73
20150807,91.46,91.8,92.38,90.65,1988602,0.09,91.43
20150806,91.38,90.78,93.05,90.73,2616210,-0.95,91.56
20150805,92.26,93.73,94.15,87.28,6346805,-1.89,90.97
20150804,94.04,93.7,94.41,93.21,1749314,1.25,94.0
20150803,92.88,92.88,94.17,92.44,1616869,-0.14,93.13
20150731,93.01,93.65,94.31,92.78,1800420,0.05,93.24
20150730,92.96,93.3,93.59,92.09,1615269,-0.64,92.74
20150729,93.56,92.5,94.16,92.13,2167855,1.38,93.59
20150728,92.29,92.2,92.66,90.93,2124258,0.28,91.89
20150727,92.03,92.6,92.62,91.38,1525788,-0.86,91.87
20150724,92.83,92.97,93.39,92.21,1765902,-0.53,92.93
20150723,93.32,93.44,94.44,93.02,1451331,0.05,93.61
20150722,93.27,92.07,93.76,91.93,2073462,1.07,93.11
20150721,92.28,93.01,93.34,91.64,1897244,-0.96,92.18
20150720,93.17,93.68,93.89,92.82,1908598,-0.08,93.38
20150717,93.24,93.63,94.67,92.49,3670658,-0.53,93.11
20150716,93.74,93.74,93.99,91.9,4567949,-0.4,92.88
20150715,94.12,94.89,95.18,93.37,2676558,-0.63,93.94
20150714,94.72,94.45,95.49,94.37,3690979,-0.09,94.78
20150713,94.81,93.84,94.95,93.36,3802681,1.98,94.41
20150710,92.97,92.51,93.24,91.88,2709298,1.45,92.61
20150709,91.64,91.43,92.18,91.14,4195371,0.66,91.75
20150708,91.04,91.94,92.55,90.93,2911985,-1.53,91.35
20150707,92.45,92.28,92.99,90.64,4289024,0.38,91.98
20150706,92.1,90.05,92.66,90.01,4272766,1.77,92.01
20150702,90.5,91.0,91.6,90.43,2785429,-0.41,90.76
20150701,90.87,91.2,91.4,90.41,4136594,0.17,90.87
20150630,90.72,91.58,91.58,90.31,4654570,0.12,90.74
20150629,90.61,91.02,93.09,90.4,5274727,-1.34,91.11
20150626,91.84,92.44,92.63,91.27,10373598,1.23,92.07
20150625,90.72,84.02,92.63,83.74,15829743,8.82,90.25
20150624,83.37,84.0,84.1,82.6,2795575,-0.7,83.3
20150623,83.96,84.69,85.21,83.93,2180359,-0.65,84.34
20150622,84.51,84.66,85.48,84.15,2136563,0.13,84.75
20150619,84.4,83.71,85.06,83.65,3851604,0.96,84.53
20150618,83.6,84.04,84.34,82.72,2899687,-0.62,83.54
20150617,84.12,83.15,84.58,82.72,3279064,1.32,83.86
20150616,83.02,83.38,84.13,82.56,2267462,-0.97,83.05
20150615,83.83,81.67,84.03,81.67,2623082,1.66,83.34
20150612,82.46,83.29,84.16,82.43,2377316,-1.39,83.16
20150611,83.62,82.83,84.11,82.62,3774396,0.64,83.47
20150610,83.09,81.71,83.31,81.5,4702891,2.18,82.68
20150609,81.32,80.34,81.51,80.3,2370740,1.33,80.98
20150608,80.25,81.14,81.47,80.25,2209104,-1.27,80.55
20150605,81.28,80.8,81.42,80.39,2831590,0.99,80.79
20150604,80.48,80.81,81.18,80.4,2062543,-0.75,80.7
20150603,81.09,81.91,82.01,80.97,2241284,-0.56,81.22
20150602,81.55,81.96,82.25,81.12,2311942,-1.02,81.5
20150601,82.39,82.39,82.69,81.22,3200148,0.68,82.12
20150529,81.83,81.53,82.39,81.17,3423091,0.04,81.75
20150528,81.8,81.74,82.01,80.95,1946131,-0.18,81.5
20150527,81.95,82.58,82.68,81.4,2846224,-0.29,82.06
20150526,82.19,82.0,82.51,81.74,3132056,0.07,82.13
20150522,82.13,81.35,82.58,81.26,2820463,0.66,82.11
20150521,81.59,82.22,82.39,81.55,2673083,-0.67,81.84
20150520,82.14,82.34,83.16,81.88,3684802,-0.46,82.5
20150519,82.52,81.0,83.88,80.68,5439695,1.88,82.67
20150518,81.0,79.76,81.0,79.69,3901548,1.45,80.51
20150515,79.84,79.04,79.85,78.64,2259524,0.97,79.38
20150514,79.07,78.51,79.48,78.31,2874463,1.72,79.06
20150513,77.73,76.51,78.09,76.5,4346348,1.59,77.6
20150512,76.51,77.25,77.61,76.14,2267217,-1.44,76.72
20150511,77.63,76.74,77.92,76.68,2927150,0.95,77.47
20150508,76.9,77.08,77.32,76.6,3334465,0.4,76.98
20150507,76.59,74.7,77.37,74.54,4451848,2.81,76.48
20150506,74.5,73.96,74.98,73.65,4557817,1.21,74.41
20150505,73.61,75.5,75.76,73.02,4848328,-2.43,73.88
20150504,75.44,74.85,75.77,74.72,2081940,1.26,75.45
20150501,74.5,74.31,74.59,73.68,2231470,0.66,74.33
20150430,74.01,75.71,76.27,73.88,5310481,-2.7,74.48
20150429,76.06,75.52,76.48,75.22,2433916,0.14,75.91
20150428,75.95,76.58,76.98,73.93,4146051,-0.56,75.73
20150427,76.38,77.85,78.1,76.22,2083915,-1.75,76.86
20150424,77.74,77.59,78.37,77.53,2497696,0.39,77.82
20150423,77.44,77.58,78.02,76.97,4276125,-0.12,77.53
20150422,77.53,77.73,78.0,76.8,3408143,-0.19,77.27
20150421,77.68,78.39,78.6,77.56,4365840,-1.12,77.95
20150420,78.56,78.83,78.9,77.88,5748219,0.67,78.42
20150417,78.04,77.22,78.23,76.91,2195882,0.3,77.78
20150416,77.81,79.94,79.94,77.64,3109797,-1.8,78.33
20150415,79.24,79.12,80.2,78.48,6450274,2.46,79.44
20150414,77.34,77.2,77.37,76.51,2346758,-0.09,77.06
20150413,77.41,78.23,79.24,77.27,2292522,-1.06,77.81
20150410,78.24,77.85,78.46,77.36,2488620,0.5,78.02
20150409,77.85,76.72,77.92,76.55,3083454,1.42,77.47
20150408,76.76,75.82,77.21,75.8,2668705,1.37,76.71
20150407,75.72,76.03,76.75,75.69,1214445,-0.3,76.16
20150406,75.95,74.59,76.69,74.42,2556502,1.2,76.08
20150402,75.05,74.96,75.78,74.57,1657833,0.27,75.09
20150401,74.85,75.7,76.02,73.65,2564415,-0.51,74.42
20150331,75.23,76.06,76.69,75.22,2111562,-1.23,75.75
20150330,76.17,76.95,77.08,76.09,1580388,0.13,76.45
20150327,76.07,76.22,77.04,75.96,1846400,-0.04,76.36
20150326,76.1,75.47,76.81,75.13,3043015,0.59,76.02
20150325,75.65,76.62,77.14,75.46,2660186,-1.11,76.28
20150324,76.5,77.33,77.48,76.37,2216598,-1.47,76.79
20150323,77.64,76.27,78.44,76.21,4484625,2.12,77.9
20150320,76.03,75.91,76.26,75.19,4569125,0.81,75.93
20150319,75.42,75.0,75.87,74.74,3048190,0.52,75.44
20150318,75.03,73.17,75.08,73.05,3848123,2.56,74.59
20150317,73.16,72.61,73.56,72.11,1963593,0.03,73.09
20150316,73.14,72.38,73.49,72.38,3274991,1.87,73.1
20150313,71.8,72.44,73.14,71.31,2143031,-0.86,71.94
20150312,72.42,71.99,73.08,71.85,3610032,0.92,72.53
20150311,71.76,70.47,72.37,70.22,3598443,2.16,71.62
20150310,70.24,71.19,71.63,70.24,3931258,-2.02,70.63
20150309,71.69,73.0,73.38,71.56,3135530,-1.55,72.08
20150306,72.82,73.01,74.32,72.01,5026223,-0.12,73.44
20150305,72.91,74.99,75.38,72.31,4418051,-2.7,73.31
20150304,74.93,70.73,77.08,70.21,12786434,5.85,74.65
20150303,70.79,71.72,71.99,70.07,4123024,-1.67,70.86
20150302,71.99,71.79,73.45,71.61,3190838,0.63,72.34
20150227,71.54,72.33,72.57,71.35,2787838,-1.01,71.83
20150226,72.27,70.92,72.37,70.44,3567647,1.82,71.71
20150225,70.98,70.29,71.19,69.97,2732192,0.81,70.77
20150224,70.41,71.0,71.61,70.21,2776994,-0.64,70.77
20150223,70.86,70.32,71.15,70.32,3501643,1.53,70.84
20150220,69.79,69.56,70.17,69.0,3086871,0.27,69.74
20150219,69.6,69.03,70.26,68.94,3409076,0.87,69.76
20150218,69.0,69.24,69.56,68.5,3634519,-0.46,68.85
20150217,69.32,68.42,69.36,68.23,2663421,1.14,69.06
20150213,68.54,68.7,69.15,68.02,3318806,-0.7,68.54
20150212,69.02,68.91,69.46,68.65,2808614,0.07,69.1
20150211,68.97,68.81,69.54,68.52,3843729,-0.06,69.12
20150210,69.01,67.85,69.66,67.66,3701963,2.6,68.84
20150209,67.26,67.85,67.97,66.63,5210234,-1.06,67.21
20150206,67.98,69.0,69.15,67.54,4517750,-1.26,68.29
20150205,68.85,69.0,69.69,68.61,4916621,-0.16,69.06
20150204,68.96,68.5,69.65,68.5,5677395,-1.33,68.99
20150203,69.89,67.74,70.1,67.49,8457563,-0.41,69.25
20150202,70.18,71.04,71.27,69.32,7447375,-0.88,69.98
20150130,70.8,71.52,72.37,70.6,5436695,-1.93,71.09
20150129,72.19,71.92,72.42,70.74,4202109,0.97,71.53
20150128,71.5,72.32,73.0,71.41,5963531,-1.27,72.12
20150127,72.42,72.56,72.9,71.84,6572094,-0.79,72.4
20150126,73.0,71.9,73.45,71.27,81150000,6.35,72.63
20150123,68.64,70.45,70.51,68.56,2596993,-2.5,69.23
20150122,70.4,69.52,70.68,68.75,2759063,1.63,70.08
20150121,69.27,67.69,69.87,67.53,3597280,2.08,69.14
20150120,67.86,69.86,70.05,67.05,5654863,-2.84,67.81
20150116,69.84,69.8,70.01,68.37,4871442,-0.33,69.14
20150115,70.07,70.75,71.06,69.57,2770640,-0.55,70.22
20150114,70.46,71.27,71.54,69.92,4336457,-2.33,70.47
20150113,72.14,73.12,73.19,70.72,4460211,-0.08,71.56
20150112,72.2,75.91,76.18,72.01,4525879,-3.28,73.13
20150109,74.65,74.76,75.94,74.58,3357429,-0.37,75.07
20150108,74.93,73.77,75.09,73.56,3627147,2.66,74.64
20150107,72.99,72.48,73.45,72.13,2023456,1.81,72.96
20150106,71.69,71.89,72.55,70.91,3050403,-0.17,71.73
20150105,71.81,73.93,73.97,71.06,3025472,-2.92,72.17
20150102,73.97,73.94,74.63,73.07,2038153,0.79,73.88
20141231,73.39,74.54,74.91,73.3,1470208,-1.18,74.04
20141230,74.27,74.64,74.9,74.04,1829358,-0.42,74.33
20141229,74.58,74.89,75.04,74.19,1314517,-0.32,74.54
20141226,74.82,75.04,75.34,74.69,771726,-0.09,74.94
20141224,74.89,75.27,75.42,74.83,660777,-0.15,75.1
20141223,75.0,74.97,75.82,74.38,2721982,0.05,75.04
20141222,74.96,74.43,74.98,74.37,1365036,0.66,74.73
20141219,74.47,74.69,74.79,74.29,2870299,0.34,74.53
20141218,74.22,73.99,74.29,73.37,2755182,2.26,73.84
20141217,72.58,72.6,73.02,71.68,3619962,0.17,72.29
20141216,72.46,73.0,73.73,72.23,3496898,-1.4,72.91
20141215,73.49,73.24,73.98,72.18,3501971,0.75,73.34
20141212,72.94,73.47,74.65,72.91,3048404,-0.84,73.73
20141211,73.56,73.05,74.33,72.59,3021858,1.32,73.72
20141210,72.6,73.52,73.65,72.31,2992892,-1.73,72.87
20141209,73.88,73.35,74.09,72.76,3449601,-0.63,73.51
20141208,74.35,74.35,74.8,73.67,3797538,0.47,74.31
20141205,74.0,72.93,74.74,72.57,10148891,2.03,74.07
20141204,72.53,71.24,72.98,70.96,5132922,2.73,71.89
20141203,70.6,69.39,70.71,69.24,3527996,2.39,70.13
20141202,68.95,68.49,69.29,68.23,2810846,0.38,68.95
20141201,68.69,69.91,69.91,68.01,3725915,-1.43,68.82
20141128,69.69,69.05,70.01,68.8,1031277,0.3,69.58
20141126,69.48,69.57,69.88,69.24,1842167,-0.17,69.51
20141125,69.6,69.47,70.02,69.11,1863904,0.24,69.53
20141124,69.43,68.5,70.22,68.2,4630707,1.4,69.61
20141121,68.47,68.23,68.74,67.68,3268257,0.88,68.3
20141120,67.87,66.7,67.91,66.34,3553438,1.24,67.41
20141119,67.04,67.38,67.63,66.8,2892552,-0.28,67.24
20141118,67.23,65.81,67.96,65.81,5835699,2.28,67.31
20141117,65.73,63.32,65.75,63.31,4898313,4.43,65.05
20141114,62.94,64.78,64.89,62.75,9777406,-2.83,63.46
20141113,64.77,65.0,65.7,63.81,4640356,-0.11,64.75
20141112,64.84,64.75,65.41,63.76,6893668,-1.77,64.89
20141111,66.01,65.92,66.91,65.47,4765250,0.4,66.04
20141110,65.75,66.15,67.61,65.44,7421719,0.0,66.53
20141107,65.75,68.75,69.11,64.3,13825016,-4.67,66.41
20141106,68.97,67.91,69.12,67.86,3543328,1.65,68.77
20141105,67.85,69.73,70.18,67.27,7308996,-2.15,68.43
20141104,69.34,70.36,70.52,68.86,5719215,-1.27,69.39
20141103,70.23,70.34,72.54,69.84,4263574,0.26,70.79
20141031,70.05,70.58,70.89,68.91,3329165,0.94,70.16
20141030,69.4,69.66,69.82,68.45,3984544,-0.74,69.25
20141029,69.92,70.66,71.99,69.58,3858603,-1.91,70.63
20141028,71.28,72.25,72.85,69.04,6686328,-0.17,70.76
20141027,71.4,71.89,72.2,70.99,2563144,-0.93,71.34
20141024,72.07,71.75,72.09,70.59,2228155,0.99,71.47
20141023,71.36,71.08,71.98,70.3,2218606,1.59,71.3
20141022,70.24,71.9,72.2,70.02,2948841,-1.91,70.63
20141021,71.61,70.63,71.73,70.44,4654758,1.63,71.15
20141020,70.46,69.38,70.58,67.69,3967485,1.47,69.3
20141017,69.44,69.2,70.89,68.65,5445453,1.77,69.54
20141016,68.23,66.56,68.99,65.06,11510075,5.23,66.87
20141015,64.84,65.73,66.51,62.5,9487238,-3.19,64.62
20141014,66.98,67.6,68.1,64.96,3225518,-0.1,66.69
20141013,67.05,69.04,70.67,66.96,3896583,-2.91,68.44
20141010,69.06,69.29,71.07,68.81,3491997,-0.6,70.04
20141009,69.48,72.0,72.11,69.14,3260275,-3.62,70.23
20141008,72.09,71.28,72.36,70.34,3524930,1.55,71.49
20141007,70.99,70.51,71.94,69.91,3457691,0.11,71.02
20141006,70.91,71.54,71.77,70.08,2351438,-0.48,70.87
20141003,71.25,69.71,71.63,69.5,2992578,2.71,70.93
20141002,69.37,68.75,69.54,67.19,3471985,1.34,68.44
20141001,68.45,70.52,70.52,68.26,4445535,-2.94,69.04
20140930,70.52,72.0,72.19,70.43,3417824,-1.74,70.83
20140929,71.77,70.82,72.1,70.59,1872339,0.8,71.72
20140926,71.2,71.78,72.27,70.31,1987592,-0.48,71.19
20140925,71.54,73.01,73.18,71.4,1929390,-2.16,71.91
20140924,73.12,72.38,73.35,71.61,1459818,1.44,72.79
20140923,72.08,72.43,72.99,72.0,1962897,-0.76,72.39
20140922,72.63,73.56,73.94,72.14,2004875,-1.16,72.81
20140919,73.48,72.8,73.63,71.94,3008145,1.55,73.26
20140918,72.36,71.77,72.76,71.37,1807843,1.23,72.19
20140917,71.48,72.16,72.44,71.28,2049414,-0.31,71.7
20140916,71.7,71.2,72.2,70.9,3077823,0.5,71.7
20140915,71.34,71.57,71.89,70.9,1597930,-0.31,71.36
20140912,71.56,72.55,73.19,71.01,2636418,-1.09,71.95
20140911,72.35,70.71,72.43,70.71,2443127,2.15,71.97
20140910,70.83,70.62,71.09,70.02,2374398,0.18,70.62
20140909,70.7,70.88,72.48,70.64,3692134,0.67,71.52
20140908,70.23,69.5,70.45,69.35,2219449,1.43,70.1
20140905,69.24,68.18,69.86,68.06,4969016,1.7,69.18
20140904,68.08,69.15,69.25,67.42,5281422,-1.55,68.16
20140903,69.15,70.1,70.15,69.14,2258934,-1.43,69.65
20140902,70.15,70.0,70.29,69.06,1944354,0.47,69.85
20140829,69.82,68.98,70.07,68.98,1779794,1.22,69.81
20140828,68.98,69.2,69.46,68.94,1153083,-0.39,69.15
20140827,69.25,69.25,69.58,69.04,1240127,-0.03,69.25
20140826,69.27,68.99,69.51,68.84,2078761,0.73,69.25
20140825,68.77,69.36,69.72,68.53,2151971,-0.71,68.9
20140822,69.26,68.54,69.49,68.54,1539190,1.18,69.11
20140821,68.45,68.77,68.83,68.2,1956882,-0.12,68.41
20140820,68.53,68.35,68.76,67.78,2782002,-0.23,68.13
20140819,68.69,69.15,69.19,67.88,3738839,-0.26,68.58
20140818,68.87,68.18,69.19,68.01,2826208,1.67,68.72
20140815,67.74,67.35,67.99,67.26,2331349,0.8,67.68
20140814,67.2,66.72,67.34,66.68,1682720,1.22,67.1
20140813,66.39,65.81,66.57,65.56,2739076,1.5,66.17
20140812,65.41,65.82,66.07,65.06,3368494,-0.79,65.5
20140811,65.93,67.4,67.4,65.75,2750205,-1.79,66.38
20140808,67.13,67.21,67.72,65.85,3346228,-0.13,66.48
20140807,67.22,67.43,68.0,66.93,2495495,0.28,67.48
20140806,67.03,66.56,68.09,65.74,5097734,0.34,67.24
20140805,66.8,66.36,67.39,66.1,5633922,1.47,66.8
20140804,65.83,65.93,66.28,65.02,3952879,0.52,65.71
20140801,65.49,65.09,66.5,64.77,3627152,0.28,65.62
20140731,65.31,65.53,65.57,64.51,4663254,-1.43,65.2
20140730,66.26,64.58,66.71,64.58,5152734,1.83,66.03
20140729,65.07,63.78,65.27,62.72,4906988,2.23,64.6
20140728,63.65,62.95,63.9,62.6,4055081,1.19,63.35
20140725,62.9,62.8,64.0,62.57,4286406,2.28,62.96
20140724,61.5,61.89,62.41,61.39,3002213,-0.89,61.66
20140723,62.05,62.0,62.68,61.07,2486387,0.45,62.08
20140722,61.77,61.47,63.6,59.39,7262254,0.36,61.65
20140721,61.55,62.05,62.05,60.9,3316906,-1.43,61.47
20140718,62.44,60.46,62.55,60.31,3319241,3.02,61.8
20140717,60.61,61.22,62.99,60.37,7161606,-0.62,61.57
20140716,60.99,58.52,61.44,58.18,14306969,10.47,60.18
20140715,55.21,55.37,56.38,55.12,1917028,-1.02,55.41
20140714,55.78,56.0,56.32,55.39,1977648,-0.29,55.83
20140711,55.94,55.52,56.16,55.05,2469126,0.43,55.81
20140710,55.7,54.36,56.11,54.36,2656277,1.36,55.54
20140709,54.95,54.75,55.61,54.26,1909362,0.79,55.05
20140708,54.52,55.24,55.38,53.61,4583203,-1.73,54.24
20140707,55.48,56.93,57.03,55.37,1903980,-2.85,55.71
20140703,57.11,57.29,57.75,56.69,1044507,-0.28,57.07
20140702,57.27,55.89,57.39,55.73,1665962,2.1,56.98
20140701,56.09,56.73,57.22,55.77,3611714,-0.51,56.5
20140630,56.38,55.62,56.83,55.52,3024012,1.71,56.12
20140627,55.43,55.66,56.27,54.7,5525734,-0.59,55.49
20140626,55.76,56.6,56.72,54.58,5599090,-1.92,55.63
20140625,56.85,56.48,57.44,55.81,3186574,0.55,56.56
20140624,56.54,57.98,57.98,56.49,2199296,-2.53,57.16
20140623,58.01,57.69,58.55,57.5,2653350,0.69,57.97
20140620,57.61,56.54,57.77,56.54,4023650,1.98,57.42
20140619,56.49,55.73,56.54,55.47,1604307,1.22,56.1
20140618,55.81,55.52,55.89,54.77,2082779,0.45,55.47
20140617,55.56,56.02,56.48,55.49,2137372,-0.77,55.89
20140616,55.99,55.0,56.63,54.99,3237569,1.84,56.0
20140613,54.98,54.49,55.34,54.13,1846675,0.84,54.89
20140612,54.52,55.0,55.0,54.29,1557493,-0.89,54.63
20140611,55.01,55.05,55.53,54.0,3383067,-0.45,54.79
20140610,55.26,55.35,55.35,54.42,1945836,-0.22,55.0
20140609,55.38,55.58,55.96,55.13,1143802,-0.38,55.56
20140606,55.59,56.31,56.71,55.52,1948661,-1.19,55.88
20140605,56.26,54.71,56.39,54.68,3971435,2.72,55.8
20140604,54.77,54.3,54.95,54.12,2147517,0.5,54.64
20140603,54.5,53.04,54.82,53.03,3663159,2.85,54.25
20140602,52.99,53.1,53.28,52.37,4012895,0.0,53.02
20140530,52.99,53.3,53.52,52.87,2607831,-0.75,53.15
20140529,53.39,53.37,53.66,53.29,1737042,0.04,53.47
20140528,53.37,53.38,53.97,53.18,2217606,0.47,53.49
20140527,53.12,53.8,54.0,53.03,1930958,-0.6,53.32
20140523,53.44,52.7,53.66,52.37,2945681,2.12,53.26
20140522,52.33,52.45,53.47,52.08,5786031,0.11,52.88
20140521,52.27,51.92,52.68,51.92,4455172,1.06,52.44
20140520,51.72,51.44,51.98,51.44,6609313,0.41,51.75
20140519,51.51,51.16,51.75,51.0,1795598,0.51,51.51
20140516,51.25,51.97,51.97,51.11,2273058,-1.63,51.37
20140515,52.1,52.52,52.63,51.8,1538918,-1.1,52.11
20140514,52.68,52.36,52.87,52.13,1664170,0.61,52.64
20140513,52.36,52.07,52.73,52.03,1818986,0.11,52.44
20140512,52.3,51.7,52.39,51.7,1094788,1.53,52.22
20140509,51.51,51.14,51.83,50.79,1524455,0.64,51.29
20140508,51.18,51.43,52.32,51.01,1678038,-0.7,51.65
20140507,51.54,52.01,52.07,50.69,2652895,-0.81,51.39
20140506,51.96,52.25,52.84,51.91,2346588,-0.74,52.19
20140505,52.35,51.95,52.57,51.61,2452888,0.91,52.29
20140502,51.88,52.36,52.53,51.72,2898963,-0.99,52.17
20140501,52.4,52.0,52.84,51.48,3084800,0.77,52.32
20140430,52.0,51.62,52.4,51.4,4750106,1.17,52.0
20140429,51.4,51.0,51.97,49.91,5525188,-2.3,51.03
20140428,52.61,53.49,53.81,52.5,5976750,-1.55,53.03
20140425,53.44,51.24,53.73,50.73,7663594,5.76,52.85
20140424,50.53,50.76,51.23,50.46,2579471,0.26,50.81
20140423,50.4,49.7,50.6,49.48,2836162,1.98,50.28
20140422,49.42,49.4,50.35,49.12,2193213,-0.08,49.67
20140421,49.46,48.8,49.51,48.74,1008003,0.92,49.27
20140417,49.01,48.65,49.22,48.1,1576393,0.91,48.91
20140416,48.57,49.16,49.2,48.31,2247009,-0.35,48.59
20140415,48.74,48.73,49.22,47.78,3670578,0.49,48.6
20140414,48.5,48.52,48.99,48.02,2228152,0.6,48.49
20140411,48.21,49.07,49.91,48.14,2511603,-2.03,48.78
20140410,49.21,50.67,50.75,48.77,1736646,-3.03,49.45
20140409,50.75,50.0,50.81,49.62,3443738,1.54,50.34
20140408,49.98,48.75,50.45,48.03,3921105,2.5,49.55
20140407,48.76,50.13,50.18,48.53,3103995,-2.81,49.24
20140404,50.17,51.56,52.34,50.13,2340199,-1.92,51.08
20140403,51.15,52.07,52.07,50.96,3101087,-2.09,51.28
20140402,52.24,52.01,52.39,51.64,2363957,0.66,52.18
20140401,51.9,52.54,52.83,51.54,2814288,-1.14,51.93
20140331,52.5,51.75,52.68,51.75,3919057,2.66,52.36
20140328,51.14,50.59,51.75,50.59,3269956,1.55,51.26
20140327,50.36,50.44,50.66,50.02,2165201,0.02,50.33
20140326,50.35,49.13,50.83,49.03,3605727,3.09,50.35
20140325,48.84,48.85,49.29,48.3,2063593,0.1,48.76
20140324,48.79,50.0,50.25,48.64,1827262,-2.69,49.16
20140321,50.14,49.72,50.41,49.51,3410923,1.44,50.09
20140320,49.43,49.95,50.23,49.32,1564855,-1.04,49.63
20140319,49.95,49.32,50.37,49.22,1572269,1.46,50.02
20140318,49.23,48.55,49.82,48.52,1607920,1.99,49.41
20140317,48.27,47.82,48.44,47.74,1480219,1.3,48.17
20140314,47.65,47.84,48.28,47.21,3179302,-0.73,47.67
20140313,48.0,49.33,49.43,47.16,4641883,-2.46,47.86
20140312,49.21,48.8,49.27,48.66,1436324,-0.06,49.09
20140311,49.24,49.6,50.45,49.21,1649518,-0.63,49.7
20140310,49.55,49.66,49.96,49.39,1774957,-0.16,49.53
20140307,49.63,49.99,50.52,49.45,2575491,0.02,49.88
20140306,49.62,50.63,50.72,49.58,4358434,-1.33,50.09
20140305,50.29,51.19,51.29,50.11,3713590,-1.51,50.51
20140304,51.06,52.0,52.49,51.03,3520850,-1.22,51.57
20140303,51.69,50.71,52.09,50.71,2670369,0.96,51.52
20140228,51.2,51.61,52.23,50.82,3005354,-0.62,51.63
20140227,51.52,50.32,51.65,50.23,2504230,2.06,51.19
20140226,50.48,49.62,50.8,49.41,1327389,1.86,50.35
20140225,49.56,50.22,50.56,49.33,2237344,-1.61,49.81
20140224,50.37,50.25,50.94,50.0,1304237,0.72,50.57
20140221,50.01,50.27,50.62,49.69,1451046,-0.44,50.08
20140220,50.23,49.6,50.42,49.3,1279059,1.35,50.04
20140219,49.56,49.65,49.98,49.31,2116867,-0.56,49.71
20140218,49.84,50.0,50.48,49.63,2460107,0.16,49.9
20140214,49.76,49.99,50.55,49.7,2246368,-0.48,50.1
20140213,50.0,48.76,50.65,48.67,4917020,1.9,50.05
20140212,49.07,48.51,49.54,48.5,1937548,0.22,49.11
20140211,48.96,48.89,49.11,48.31,2278494,-0.02,48.87
20140210,48.97,48.21,49.0,47.73,2441984,1.32,48.67
20140207,48.33,48.0,48.78,47.87,1567751,-0.08,48.24
20140206,48.37,48.06,48.45,47.63,1878292,0.83,48.09
20140205,47.97,48.03,48.25,46.61,3741168,-1.13,47.58
20140204,48.52,49.5,50.57,46.02,5615641,0.12,48.43
20140203,48.46,50.45,50.45,48.44,3475786,-3.6,49.17
20140131,50.27,48.85,50.75,48.81,2629181,1.58,50.11
20140130,49.49,49.48,50.17,49.39,1815020,0.39,49.68
20140129,49.3,49.36,49.98,48.83,1816391,-0.44,49.32
20140128,49.52,49.05,50.04,48.99,1528534,0.86,49.58
20140127,49.1,48.54,50.02,48.24,2782949,1.45,49.04
20140124,48.4,49.61,49.61,47.51,4340824,-2.79,48.47
20140123,49.79,49.69,50.0,49.25,1830304,-0.06,49.67
20140122,49.82,49.97,50.17,49.82,2477678,-0.36,49.96
20140121,50.0,51.72,51.72,49.55,3351114,-2.74,50.1
20140117,51.41,51.3,51.75,50.84,2142556,0.37,51.32
20140116,51.22,51.1,51.56,50.92,3380121,0.29,51.25
20140115,51.07,51.37,51.59,50.7,3239607,-0.66,51.05
20140114,51.41,51.43,51.75,50.93,3543795,0.88,51.38
20140113,50.96,51.21,51.76,50.78,2868283,-0.7,51.25
20140110,51.32,50.7,51.71,50.58,2913491,0.83,51.14
20140109,50.9,50.55,51.02,50.24,2848268,0.69,50.63
20140108,50.55,49.87,50.94,49.7,4096891,1.4,50.38
20140107,49.85,48.53,49.97,48.51,5691067,2.72,49.7
20140106,48.53,48.77,49.67,48.23,4756738,-0.49,48.69
20140103,48.77,47.83,48.93,47.83,2434656,2.09,48.65
20140102,47.77,47.39,48.4,47.26,2221061,0.13,47.99
20131231,47.71,47.25,47.98,47.18,1499783,1.1,47.73
20131230,47.19,46.43,47.29,46.11,1048270,1.55,46.93
20131227,46.47,46.9,46.9,46.32,760990,-0.32,46.57
20131226,46.62,46.7,46.8,46.5,803495,0.19,46.66
20131224,46.53,45.96,46.99,45.96,609773,1.06,46.62
20131223,46.04,46.91,47.07,45.58,2398710,-1.81,46.09
20131220,46.89,45.48,46.95,45.09,5314973,2.69,45.91
20131219,45.66,46.49,46.5,45.62,2181366,-1.91,45.92
20131218,46.55,46.19,46.66,46.01,3471673,2.22,46.38
20131217,45.54,47.05,47.05,45.07,4836567,-3.48,45.64
20131216,47.18,46.94,47.26,46.77,2639007,0.75,47.05
20131213,46.83,46.63,47.07,46.31,1649812,1.1,46.74
20131212,46.32,46.82,46.86,45.19,2921786,-0.88,46.0
20131211,46.73,47.22,47.39,46.15,3147854,-1.21,46.66
20131210,47.3,46.9,47.71,46.79,2416776,0.68,47.25
20131209,46.98,47.32,47.48,46.93,1312713,-0.55,47.08
20131206,47.24,46.85,47.46,46.67,2522154,1.44,47.05
20131205,46.57,46.9,46.9,46.43,1218501,-0.91,46.59
20131204,47.0,47.03,47.2,46.62,2010913,-0.13,46.94
20131203,47.06,46.54,47.1,46.48,2149135,0.73,46.86
20131202,46.72,46.28,47.06,46.24,1867129,0.65,46.71
20131129,46.42,46.83,47.19,46.33,1462838,-0.21,46.76
20131127,46.52,45.72,46.69,45.36,3305616,2.29,46.22
20131126,45.48,44.4,45.91,44.16,4109020,2.55,45.38
20131125,44.35,44.87,45.03,44.27,1401571,-0.92,44.57
20131122,44.76,44.42,44.91,43.97,2086993,0.72,44.65
20131121,44.44,44.11,44.56,43.96,2013344,0.54,44.36
20131120,44.2,44.0,44.8,43.9,2994707,0.96,44.33
20131119,43.78,44.36,44.5,43.2,4480738,-1.2,43.6
20131118,44.31,44.6,45.02,44.13,3462000,-1.69,44.53
20131115,45.07,45.85,45.99,44.25,6523801,-1.7,45.01
20131114,45.85,45.58,45.99,45.34,2216210,0.48,45.65
20131113,45.63,45.28,45.85,45.1,3606864,0.42,45.5
20131112,45.44,45.14,45.55,44.63,3670762,-0.13,45.12
20131111,45.5,45.15,45.69,44.9,2282802,0.82,45.44
20131108,45.13,44.45,45.15,44.17,4251367,2.01,44.89
20131107,44.24,45.48,45.5,43.87,6181672,-2.34,44.38
20131106,45.3,46.83,47.1,45.04,5171383,-2.48,45.66
20131105,46.45,47.16,47.74,45.86,4675856,-2.7,46.55
20131104,47.74,47.31,47.74,47.18,2842134,0.91,47.44
20131101,47.31,47.36,47.68,46.67,3511017,0.36,47.2
20131031,47.14,46.69,47.45,46.67,5919711,1.01,47.09
20131030,46.67,46.95,47.0,46.4,9637375,-1.42,46.65
20131029,47.34,46.91,47.62,46.5,2353916,0.68,47.32
20131028,47.02,46.74,47.49,46.64,1657057,0.21,47.15
20131025,46.92,45.68,47.19,45.68,3399404,2.45,46.69
20131024,45.8,46.7,46.91,45.35,5327352,-2.07,45.78
20131023,46.77,46.82,46.95,46.24,2062219,-0.49,46.64
20131022,47.0,47.67,48.03,46.97,3499200,-1.12,47.36
20131021,47.53,48.54,48.74,47.43,2017468,-2.08,47.98
20131018,48.54,49.19,49.52,47.6,7152160,2.45,48.35
20131017,47.38,46.03,47.47,46.03,2053766,2.51,46.96
20131016,46.22,46.06,46.31,45.57,1655523,0.7,45.99
20131015,45.9,46.39,46.44,45.52,1690832,-0.93,45.94
20131014,46.33,46.2,46.45,45.3,2444450,-0.49,45.89
20131011,46.56,45.68,46.82,45.67,3005781,1.99,46.47
20131010,45.65,46.3,46.75,45.54,4319906,-0.78,46.11
20131009,46.01,45.92,46.69,45.8,4015032,0.44,46.14
20131008,45.81,46.54,46.7,45.71,4683109,-0.97,46.11
20131007,46.26,44.79,46.51,44.79,3173360,0.35,46.19
20131004,46.1,46.0,46.6,45.76,3778933,0.35,46.17
20131003,45.94,45.29,47.07,45.29,8183527,1.32,46.11
20131002,45.34,44.53,45.46,44.27,7025035,1.66,44.99
20131001,44.6,42.81,44.61,42.6,7655699,4.33,43.97
20130930,42.75,41.96,43.0,41.77,3834216,1.62,42.54
20130927,42.07,42.07,42.57,41.91,2767506,-0.71,42.18
20130926,42.37,42.21,42.56,42.06,1818984,0.81,42.28
20130925,42.03,41.78,42.13,41.56,2566742,1.4,41.85
20130924,41.45,41.87,42.05,41.3,3865322,-1.32,41.67
20130923,42.0,42.18,42.18,41.5,2102510,-0.36,41.82
20130920,42.15,42.34,42.5,41.8,3708023,-0.44,42.19
20130919,42.34,42.75,43.11,42.29,3375953,-0.96,42.63
20130918,42.75,41.5,42.75,41.36,6365824,3.49,42.02
20130917,41.31,41.04,41.32,40.62,1912233,0.51,41.0
20130916,41.1,40.73,41.57,40.7,2959728,2.01,41.12
20130913,40.29,39.86,40.58,39.75,2843501,1.38,40.25
20130912,39.74,39.67,39.91,38.95,3206301,0.1,39.53
20130911,39.7,39.35,39.83,39.35,1760396,0.92,39.62
20130910,39.34,39.03,39.54,39.02,2707826,1.29,39.3
20130909,38.84,39.51,39.55,38.43,4034296,-1.72,38.93
20130906,39.52,38.78,39.89,38.49,2394333,2.15,39.37
20130905,38.69,38.44,38.92,38.44,5440817,0.47,38.72
20130904,38.51,38.75,38.75,38.4,1320031,-0.44,38.54
20130903,38.68,38.31,38.87,38.3,2128940,1.28,38.55
20130830,38.19,38.71,38.87,37.99,2078993,-1.45,38.31
20130829,38.75,38.47,39.11,38.47,1317518,0.47,38.84
20130828,38.57,38.5,39.0,38.41,2032175,0.18,38.6
20130827,38.5,38.89,39.12,38.39,2855508,-2.23,38.63
20130826,39.38,38.33,39.64,38.21,2658921,2.93,39.17
20130823,38.26,38.5,38.51,38.04,2652212,-0.62,38.27
20130822,38.5,38.43,38.99,38.23,1307578,0.63,38.58
20130821,38.26,38.51,38.76,38.1,2558886,-0.83,38.35
20130820,38.58,38.1,38.78,38.0,1957818,1.39,38.59
20130819,38.05,37.96,38.38,37.75,2391393,0.4,38.19
20130816,37.9,38.42,38.45,37.8,1926498,-1.33,38.07
20130815,38.41,38.63,38.83,37.98,2304460,-1.81,38.41
20130814,39.12,38.82,39.5,38.71,2620904,1.27,39.1
20130813,38.63,38.88,39.09,38.36,2109837,-0.36,38.68
20130812,38.77,39.02,39.12,38.56,1302978,-0.62,38.76
20130809,39.01,38.58,39.2,38.53,2298408,1.25,38.96
20130808,38.53,38.2,38.81,38.19,2134683,1.23,38.54
20130807,38.06,38.18,38.42,37.8,2098754,-0.7,38.1
20130806,38.33,39.52,39.52,38.08,3576696,-3.11,38.53
20130805,39.56,39.04,39.74,38.98,1848442,1.33,39.5
20130802,39.04,39.0,39.28,38.87,2318712,-0.1,39.07
20130801,39.08,39.0,39.96,38.4,4310617,0.21,39.03
20130731,39.0,39.11,39.21,38.84,3362726,-0.23,39.01
20130730,39.09,39.25,39.29,38.08,3886769,0.1,38.82
20130729,39.05,39.7,40.13,39.01,1955338,-1.74,39.37
20130726,39.74,38.71,39.9,38.68,2830848,2.74,39.56
20130725,38.68,38.54,38.7,38.44,1292433,-0.21,38.57
20130724,38.76,39.1,39.23,38.66,1463706,-0.87,38.81
20130723,39.1,39.21,39.28,38.61,2244870,-0.31,39.02
20130722,39.22,38.53,39.34,38.29,2301541,1.53,39.02
20130719,38.63,38.69,39.2,38.28,4880340,-1.35,38.72
20130718,39.16,38.45,39.24,38.45,4280883,1.74,38.98
20130717,38.49,39.07,39.07,38.37,4036294,-0.95,38.57
20130716,38.86,38.5,39.25,38.17,10198043,4.43,38.85
20130715,37.21,37.9,37.9,36.97,2701155,-1.09,37.29
20130712,37.62,37.33,37.64,37.14,2324852,1.02,37.46
20130711,37.24,37.52,37.66,36.99,2710784,-0.08,37.25
20130710,37.27,36.97,37.39,36.67,2506205,1.08,37.08
20130709,36.87,36.74,37.14,36.03,3586128,1.15,36.56
20130708,36.45,36.08,36.53,35.8,2696369,1.65,36.21
20130705,35.86,35.64,36.06,35.45,3540943,1.04,35.75
20130703,35.49,35.78,36.2,35.2,6752547,-3.85,35.7
20130702,36.91,36.97,37.19,36.48,3032863,-0.08,36.92
20130701,36.94,36.41,37.19,36.26,4618094,2.44,36.85
20130628,36.06,36.23,36.47,35.4,16050875,-0.91,35.93
20130627,36.39,36.55,36.96,36.08,7830586,-0.36,36.46
20130626,36.52,36.75,37.24,36.13,2703161,-0.27,36.53
20130625,36.62,36.76,37.22,36.44,2091585,0.05,36.69
20130624,36.6,37.13,37.84,35.98,4816438,-2.24,36.55
20130621,37.44,37.82,37.91,36.38,4373789,-0.64,37.22
20130620,37.68,38.27,38.49,37.13,5774063,-2.76,37.69
20130619,38.75,38.83,39.1,37.9,6374379,-0.21,38.49
20130618,38.83,39.21,39.28,38.74,3634399,-1.1,38.92
20130617,39.26,40.27,40.27,38.69,4547899,-1.6,39.23
20130614,39.9,40.25,40.32,39.81,1637251,-0.97,40.0
20130613,40.29,39.42,40.44,39.21,2920393,1.92,40.15
20130612,39.53,40.24,40.29,39.13,3204353,-0.5,39.68
20130611,39.73,39.78,40.33,39.54,2670369,-1.27,39.9
20130610,40.24,39.6,40.48,39.52,3368153,1.62,40.06
20130607,39.6,38.62,39.8,38.48,3024482,3.12,39.45
20130606,38.4,38.26,38.8,37.88,4426981,0.76,38.28
20130605,38.11,38.75,38.9,37.87,4227606,-2.33,38.13
20130604,39.02,39.2,39.75,38.75,2791574,-0.66,39.24
20130603,39.28,39.13,39.41,38.42,2369767,0.56,38.93
20130531,39.06,38.78,39.67,38.53,2975948,0.62,39.29
20130530,38.82,38.14,39.2,38.11,2787175,2.08,38.86
20130529,38.03,38.1,38.13,37.49,1977653,-0.73,37.88
20130528,38.31,37.96,38.68,37.72,1945953,2.08,38.36
20130524,37.53,37.71,37.84,37.38,1453292,-0.98,37.58
20130523,37.9,37.04,38.04,36.67,3289423,1.64,37.59
20130522,37.29,37.44,38.5,36.92,5321758,-0.98,37.7
20130521,37.66,38.25,38.44,37.56,4303410,-1.41,37.9
20130520,38.2,38.98,39.06,37.37,6895910,-2.28,38.03
20130517,39.09,39.55,39.61,38.71,4599723,-1.01,39.06
20130516,39.49,40.14,40.21,39.44,1937713,-1.77,39.77
20130515,40.2,40.3,40.62,39.72,2765087,-1.49,40.24
20130514,40.81,40.79,41.06,40.6,1294133,0.29,40.79
20130513,40.69,40.46,40.94,40.45,1433618,-0.1,40.68
20130510,40.73,40.28,41.09,40.16,1768926,0.97,40.82
20130509,40.34,40.5,40.71,39.81,3413208,-0.25,40.2
20130508,40.44,40.65,41.01,39.98,3210663,-1.8,40.37
20130507,41.18,41.41,41.56,41.08,2232185,-0.53,41.3
20130506,41.4,41.07,41.8,40.79,2701789,0.98,41.46
20130503,41.0,40.67,41.53,40.35,4751481,1.31,40.98
20130502,40.47,39.5,40.94,38.56,4844918,2.48,40.29
20130501,39.49,39.75,40.08,39.22,3833511,-1.0,39.62
20130430,39.89,40.26,40.85,39.56,4421484,-1.19,39.93
20130429,40.37,40.5,41.83,40.11,8188301,5.54,40.66
20130426,38.25,38.17,38.55,37.79,3672460,0.82,38.2
20130425,37.94,37.98,38.3,37.45,5820051,-0.58,38.0
20130424,38.16,37.92,38.49,37.29,4710574,0.79,38.01
20130423,37.86,37.73,38.08,37.44,2549864,0.37,37.86
20130422,37.72,37.69,37.98,36.81,2405540,0.16,37.42
20130419,37.66,37.28,37.97,36.95,1629870,2.0,37.58
20130418,36.92,37.66,37.66,36.64,2129591,-1.65,37.03
20130417,37.54,37.55,37.81,36.65,3631844,-0.87,37.37
20130416,37.87,35.59,37.88,35.55,8599953,3.13,36.89
20130415,36.72,38.06,38.5,36.3,4648192,-4.18,37.09
20130412,38.32,38.17,38.69,38.03,2445637,-0.29,38.27
20130411,38.43,36.69,38.52,36.42,5766934,4.8,37.68
20130410,36.67,36.4,37.0,35.85,9024856,-2.55,36.55
20130409,37.63,37.7,38.08,37.15,3932680,-0.19,37.66
20130408,37.7,37.5,37.79,37.12,1248769,0.59,37.54
20130405,37.48,37.2,38.14,37.09,4231957,-0.56,37.63
20130404,37.69,37.79,37.86,36.53,9091527,-0.58,37.19
20130403,37.91,39.8,39.8,37.67,7316094,-4.89,38.17
20130402,39.86,41.4,41.5,39.11,6662172,-2.11,40.03
20130401,40.72,40.5,41.2,40.21,2679972,0.22,40.58
20130328,40.63,40.43,40.92,40.42,3416107,0.49,40.69
20130327,40.43,40.13,40.65,39.72,2395531,0.6,40.39
20130326,40.19,39.55,40.25,39.49,3183747,2.01,39.98
20130325,39.4,39.32,39.96,39.25,2710331,0.23,39.66
20130322,39.31,38.76,39.77,38.7,3202526,1.95,39.35
20130321,38.56,38.3,38.83,38.09,2245243,0.0,38.59
20130320,38.56,38.5,38.86,38.29,2378054,0.76,38.56
20130319,38.27,38.04,38.43,37.93,4119438,1.3,38.23
20130318,37.78,37.73,37.89,37.38,2789491,-0.37,37.71
20130315,37.92,38.43,38.51,37.8,5929383,-1.38,38.06
20130314,38.45,38.45,38.79,38.27,4670293,0.44,38.51
20130313,38.28,37.99,38.41,37.94,3216216,0.68,38.27
20130312,38.02,37.77,38.27,37.77,2953942,0.61,38.03
20130311,37.79,37.25,38.12,37.25,4089104,1.45,37.92
20130308,37.25,37.1,37.5,37.09,6148250,0.57,37.37
20130307,37.04,36.85,37.46,36.85,4086532,0.35,37.24
20130306,36.91,37.0,37.24,36.8,2972500,-0.08,36.98
20130305,36.94,36.77,37.22,36.77,6739918,0.79,37.03
20130304,36.65,36.73,37.27,36.28,5424082,-0.84,36.82
20130301,36.96,37.0,37.5,36.58,3892715,-0.35,37.11
20130228,37.09,36.6,37.65,36.53,8893918,1.12,37.24
20130227,36.68,35.51,36.86,35.39,11416934,2.92,36.57
20130226,35.64,35.21,35.8,34.9,3710445,1.22,35.54
20130225,35.21,35.84,36.05,35.17,3179958,-1.54,35.48
20130222,35.76,35.81,35.97,35.62,2357513,-0.08,35.81
20130221,35.79,35.5,35.98,35.15,6301152,1.07,35.65
20130220,35.41,36.32,36.36,35.28,5443914,-2.75,35.68
20130219,36.41,36.28,36.51,35.63,5254918,0.36,36.18
20130215,36.28,36.8,36.98,36.1,2784912,-1.49,36.53
20130214,36.83,36.74,37.11,36.73,2861808,-0.16,36.9
20130213,36.89,36.93,37.19,36.35,7186746,1.21,36.92
20130212,36.45,36.12,36.52,35.85,22098184,-0.57,36.23
20130211,36.66,37.17,37.67,36.62,3524231,-1.5,36.99
20130208,37.22,37.3,37.49,37.16,1868471,0.4,37.3
20130207,37.07,37.3,37.5,36.81,3715943,-0.3,37.09
20130206,37.18,37.41,37.81,37.09,3206895,-0.88,37.35
20130205,37.51,37.05,39.6,36.54,6927445,-0.27,37.8
20130204,37.61,38.02,38.47,37.43,3206445,-1.6,37.83
20130201,38.22,38.12,38.46,37.74,2636980,1.51,38.1
20130131,37.65,37.78,38.0,37.58,1788219,-1.1,37.77
20130130,38.07,36.56,38.14,36.46,5116680,3.85,37.5
20130129,36.66,37.38,37.58,36.35,6906406,-1.93,36.86
20130128,37.38,37.7,37.7,36.99,4148344,-0.95,37.43
20130125,37.74,37.84,37.99,37.73,3911323,0.03,37.86
20130124,37.73,37.68,37.94,37.27,2591232,0.45,37.7
20130123,37.56,37.82,37.85,36.48,5343852,-1.16,37.26
20130122,38.0,36.99,38.07,36.83,3931295,2.84,37.57
20130118,36.95,36.56,37.23,36.42,3129674,1.12,36.82
20130117,36.54,35.46,36.71,35.26,6543746,3.87,36.4
20130116,35.18,34.91,35.23,34.48,3931140,0.54,34.93
20130115,34.99,33.69,35.17,33.68,5891027,3.37,34.68
20130114,33.85,32.95,34.1,32.95,3905877,1.96,33.66
20130111,33.2,33.12,33.81,33.08,2609734,0.09,33.41
20130110,33.17,33.09,33.23,32.81,2703877,0.36,33.04
20130109,33.05,31.86,33.16,31.66,4383625,4.26,32.76
20130108,31.7,32.28,32.5,31.64,2362638,-1.92,31.97
20130107,32.32,31.98,32.33,31.87,2448622,1.19,32.12
20130104,31.94,31.65,32.32,31.61,3483259,0.92,32.03
20130103,31.65,30.93,31.85,30.87,3256865,1.12,31.56
20130102,31.3,30.65,31.35,30.65,4839352,3.75,31.08
20121231,30.17,30.15,30.59,29.86,5035356,0.1,30.25
20121228,30.14,30.87,31.75,30.11,5990938,-1.5,30.7
20121227,30.6,30.54,30.64,30.29,1786139,0.53,30.49
20121226,30.44,31.0,31.0,30.35,1673019,-1.84,30.55
20121224,31.01,31.14,31.38,30.86,839212,-0.42,31.05
20121221,31.14,30.51,31.3,30.15,3221610,-0.1,30.98
20121220,31.17,31.67,31.75,31.0,3838719,-1.7,31.31
20121219,31.71,31.83,32.0,31.38,6596340,-0.16,31.75
20121218,31.76,31.37,32.14,31.37,8758238,1.76,31.79
20121217,31.21,30.93,31.3,30.55,9013738,1.5,31.05
20121214,30.75,30.93,31.35,30.61,4751981,-0.32,30.98
20121213,30.85,31.34,31.35,30.33,6224223,-6.26,30.87
20121212,32.91,33.03,33.1,32.75,8211371,-0.21,32.91
20121211,32.98,32.75,33.15,32.52,13138079,-2.63,32.9
20121210,33.87,33.67,33.98,33.5,3559958,0.33,33.82
20121207,33.76,33.56,34.03,33.34,4199524,1.63,33.78
20121206,33.22,32.34,33.4,32.15,3297331,2.53,33.03
20121205,32.4,32.05,32.59,31.83,1699742,1.22,32.31
20121204,32.01,32.26,32.49,31.98,2501764,-0.62,32.18
20121203,32.21,32.7,32.9,31.93,3740363,1.45,32.28
20121130,31.75,31.46,31.95,31.46,2925845,0.03,31.77
20121129,31.74,30.9,32.07,30.86,4065446,3.39,31.7
20121128,30.7,30.47,30.73,30.21,1925422,-0.16,30.52
20121127,30.75,30.95,31.06,30.4,2677613,-0.68,30.74
20121126,30.96,31.21,31.4,30.64,2093066,-1.59,30.9
20121123,31.46,31.5,31.71,31.34,1010667,0.32,31.52
20121121,31.36,31.47,31.59,31.15,2261581,0.0,31.35
20121120,31.36,31.52,31.54,31.21,2875663,-0.41,31.36
20121119,31.49,30.97,31.56,30.9,2752356,3.25,31.34
20121116,30.5,30.1,30.86,30.07,3107566,1.94,30.52
20121115,29.92,30.31,30.33,29.67,3206152,-1.48,30.0
20121114,30.37,31.66,31.74,29.93,5016270,-4.17,30.54
20121113,31.69,32.38,32.44,31.54,3823919,-2.55,31.97
20121112,32.52,32.53,32.99,32.08,2401363,-0.31,32.47
20121109,32.62,32.35,32.88,31.59,5733406,1.12,32.3
20121108,32.26,33.88,33.89,31.96,7238047,-4.7,32.52
20121107,33.85,33.57,34.16,32.43,20485801,9.44,33.32
20121106,30.93,32.2,32.25,30.54,7165504,-4.03,30.95
20121105,32.23,30.6,32.77,30.55,7700266,5.09,31.66
20121102,30.67,30.35,30.86,30.0,3003636,2.2,30.52
20121101,30.01,28.0,30.19,27.92,3730593,5.63,29.58
20121031,28.41,29.63,29.65,28.4,3180020,-9.9,28.67
20121026,31.53,31.22,31.58,30.51,3861701,0.86,31.13
20121025,31.26,30.75,31.48,30.75,3430566,2.09,31.2
20121024,30.62,30.13,30.99,29.91,9617688,3.31,30.54
20121023,29.64,30.27,30.3,29.6,2660308,-3.61,29.78
20121022,30.75,29.91,30.76,29.83,1555618,2.33,30.41
20121019,30.05,30.65,30.79,29.86,1839389,-2.37,30.25
20121018,30.78,30.83,30.93,30.51,1969872,0.07,30.74
20121017,30.76,31.23,31.77,30.6,3125345,-0.29,31.17
20121016,30.85,32.75,32.77,30.64,6533426,-2.99,31.3
20121015,31.8,31.03,31.91,31.0,3604327,2.85,31.57
20121012,30.92,31.0,31.14,30.77,1789807,-0.23,30.95
20121011,30.99,31.09,31.55,30.71,3291650,1.94,31.19
20121010,30.4,30.73,30.8,30.09,2497577,-1.07,30.44
20121009,30.73,31.36,31.46,29.94,2972318,-1.88,30.64
20121008,31.32,32.04,32.1,31.22,3822923,-2.0,31.42
20121005,31.96,32.48,32.95,31.77,1890308,-0.68,32.28
20121004,32.18,31.51,32.66,30.21,3999214,-2.13,31.89
20121003,32.88,33.39,33.39,32.72,2836719,-1.14,32.99
20121002,33.26,33.73,34.27,32.96,2375304,-1.45,33.36
20121001,33.75,33.24,34.32,32.97,2635615,1.5,33.79
20120928,33.25,32.78,33.55,32.78,3565408,0.61,33.26
20120927,33.05,32.08,33.25,32.07,2825755,3.38,33.0
20120926,31.97,31.83,32.2,31.21,2267123,0.41,31.77
20120925,31.84,32.24,32.43,31.82,1393521,-1.12,32.11
20120924,32.2,32.36,32.54,32.15,1960953,-1.11,32.36
20120921,32.56,32.7,32.75,32.56,2007167,0.15,32.65
20120920,32.51,32.52,32.7,32.4,1517106,-0.73,32.57
20120919,32.75,32.67,32.9,32.43,2534495,0.24,32.76
20120918,32.67,31.69,33.29,31.62,4804484,2.61,32.76
20120917,31.84,31.16,31.97,30.77,1939898,2.18,31.6
20120914,31.16,30.37,31.83,30.22,2967454,2.84,31.16
20120913,30.3,29.12,30.35,29.12,2705006,3.91,29.94
20120912,29.16,29.02,29.31,29.0,1716693,0.8,29.13
20120911,28.93,29.18,29.29,28.9,939143,-0.92,29.05
20120910,29.2,29.25,29.35,28.99,1098551,-0.38,29.19
20120907,29.31,29.4,29.65,29.13,1309847,-0.1,29.39
20120906,29.34,28.82,29.67,28.82,2538195,2.12,29.37
20120905,28.73,28.6,28.93,28.44,1492147,0.67,28.72
20120904,28.54,28.73,28.83,28.32,1283206,-0.04,28.53
20120831,28.55,28.57,28.87,28.44,1304185,0.14,28.64
20120830,28.51,28.13,28.59,28.08,1346556,0.67,28.4
20120829,28.32,28.33,28.47,28.21,1103067,-0.11,28.33
20120828,28.35,28.36,28.54,28.15,1039313,-0.04,28.33
20120827,28.36,28.19,28.43,27.99,1742512,0.85,28.24
20120824,28.12,28.02,28.31,27.92,1221344,-0.04,28.12
20120823,28.13,28.3,28.32,27.87,1163671,-0.6,28.06
20120822,28.3,28.51,28.66,28.24,979286,-1.05,28.39
20120821,28.6,29.1,29.15,28.5,1372246,-1.52,28.75
20120820,29.04,28.84,29.41,28.84,1904688,0.1,29.15
20120817,29.01,28.21,29.27,28.0,2604774,3.2,28.87
20120816,28.11,27.32,28.28,27.23,2282333,3.08,27.99
20120815,27.27,27.29,27.33,26.97,2387894,0.29,27.2
20120814,27.19,27.26,27.49,26.76,2132738,0.37,27.18
20120813,27.09,27.17,27.46,26.94,1526283,-0.44,27.11
20120810,27.21,27.12,27.3,26.99,1593181,-0.73,27.11
20120809,27.41,27.26,27.8,27.1,1801480,0.59,27.42
20120808,27.25,26.71,27.38,26.69,2286101,1.34,27.06
20120807,26.89,26.26,27.59,26.25,3625575,5.24,26.82
20120806,25.55,26.18,26.25,23.91,10562950,-3.95,24.86
20120803,26.6,26.83,26.95,26.17,2093318,0.61,26.53
20120802,26.44,26.23,26.75,26.1,1563488,0.76,26.38
20120801,26.24,26.64,26.99,26.18,1553328,-0.91,26.46
20120731,26.48,27.11,27.14,26.32,2355378,-2.43,26.58
20120730,27.14,27.25,27.68,26.85,1182371,-0.62,27.2
20120727,27.31,27.01,27.44,26.77,1517372,1.52,27.16
20120726,26.9,27.5,27.54,25.99,4275274,-0.96,26.62
20120725,27.16,26.89,27.24,26.72,2332470,1.49,27.01
20120724,26.76,27.08,27.17,26.51,2149395,-0.96,26.79
20120723,27.02,26.97,27.15,26.35,1466489,-1.82,26.83
20120720,27.52,27.71,27.81,27.4,1608350,-0.97,27.6
20120719,27.79,28.63,28.81,27.72,1989378,-2.83,27.99
20120718,28.6,27.89,28.72,27.72,3214990,1.67,28.4
20120717,28.13,27.86,28.25,27.59,2143443,1.3,28.01
20120716,27.77,28.04,28.23,27.23,2252907,-1.38,27.73
20120713,28.16,27.95,28.25,27.77,5503090,1.19,28.08
20120712,27.83,27.69,27.93,27.43,3406886,-0.29,27.78
20120711,27.91,28.08,28.25,27.54,3401499,-0.43,27.93
20120710,28.03,28.26,28.52,27.74,3311120,-0.43,27.99
20120709,28.15,28.51,28.79,27.52,3627385,-0.92,28.03
20120706,28.41,28.34,28.6,28.12,2174258,-1.15,28.41
20120705,28.74,29.37,29.56,28.31,3811292,-2.58,28.71
20120703,29.5,29.47,29.99,29.39,1975888,-1.63,29.66
20120702,29.99,30.44,30.5,28.99,3461328,-1.45,29.98
20120629,30.43,29.79,31.39,29.79,8294762,3.26,30.7
20120628,29.47,26.55,29.75,26.55,20120372,10.75,28.69
20120627,26.61,26.14,26.9,26.11,1933583,1.6,26.58
20120626,26.19,25.63,26.33,25.39,2119350,2.26,26.03
20120625,25.61,26.24,26.39,25.43,2914611,-2.44,25.74
20120622,26.25,26.57,26.93,26.23,8794469,-1.06,26.37
20120621,26.53,27.27,27.27,26.28,3424668,-2.57,26.47
20120620,27.23,27.28,27.76,27.06,3839855,0.29,27.39
20120619,27.15,27.0,27.38,26.64,2363394,1.04,27.09
20120618,26.87,26.35,27.15,26.35,1577793,0.52,26.9
20120615,26.73,26.38,26.8,26.09,5242781,1.25,26.42
20120614,26.4,26.38,26.59,26.22,3527482,0.69,26.43
20120613,26.22,26.14,26.41,26.06,3652810,0.08,26.2
20120612,26.2,26.35,26.5,26.09,3231962,0.42,26.2
20120611,26.09,26.41,26.63,25.98,2953988,1.32,26.32
20120608,25.75,25.36,26.29,25.2,1678659,1.18,25.85
20120607,25.45,25.89,25.94,25.38,1518496,-1.24,25.59
20120606,25.77,25.15,25.88,25.03,2407646,2.96,25.54
20120605,25.03,24.32,25.23,24.09,1854627,2.58,24.85
20120604,24.4,24.87,24.92,24.16,1649865,-1.37,24.48
20120601,24.74,25.49,25.65,24.3,2741176,-4.81,24.68
20120531,25.99,25.92,26.1,25.19,1912268,-0.04,25.71
20120530,26.0,26.2,26.2,25.85,1619015,-1.33,26.0
20120529,26.35,26.29,26.54,26.21,1534532,1.27,26.35
20120525,26.02,26.09,26.26,25.83,2131538,-0.31,25.97
20120524,26.1,26.05,26.67,25.56,2565167,0.38,26.08
20120523,26.0,25.97,26.18,25.38,1607083,-0.27,25.76
20120522,26.07,25.85,26.54,25.83,3252223,0.85,26.15
20120521,25.85,24.59,25.99,24.33,2427787,4.95,25.47
20120518,24.63,25.45,25.6,24.4,2144376,-3.18,24.86
20120517,25.44,25.47,26.0,25.16,1882936,0.28,25.57
20120516,25.37,25.93,26.09,25.33,2523489,-1.36,25.63
20120515,25.72,25.79,26.14,25.7,1627696,-0.66,25.88
20120514,25.89,26.09,26.29,25.89,1742120,-1.37,26.06
20120511,26.25,26.12,26.75,26.03,1057361,-0.08,26.39
20120510,26.27,26.49,26.69,26.23,905973,-0.64,26.42
20120509,26.44,26.3,26.6,26.05,1682763,-0.6,26.33
20120508,26.6,25.97,26.71,25.97,2473385,1.29,26.43
20120507,26.26,26.57,26.61,25.96,1070002,-1.61,26.26
20120504,26.69,26.96,27.0,25.85,2354329,-0.26,26.47
20120503,26.76,27.04,27.68,26.6,4675559,-0.85,27.15
20120502,26.99,27.36,27.59,26.98,2466623,-2.07,27.19
20120501,27.56,27.02,27.9,26.94,2086206,2.38,27.65
20120430,26.92,27.38,27.45,26.68,1685989,-1.14,26.87
20120427,27.23,27.37,27.41,26.88,1446260,-0.26,27.11
20120426,27.3,26.74,27.57,26.49,1613937,0.92,27.31
20120425,27.05,26.91,27.24,26.82,3655543,0.71,27.03
20120424,26.86,26.28,26.99,26.01,1655950,2.28,26.71
20120423,26.26,26.72,26.78,25.96,2074481,-2.67,26.25
20120420,26.98,27.6,27.74,26.95,1971150,-2.25,27.16
20120419,27.6,27.6,27.88,27.33,2581887,0.4,27.61
20120418,27.49,27.49,27.89,27.23,2353312,-0.43,27.67
20120417,27.61,27.27,28.02,27.18,1895870,1.58,27.66
20120416,27.18,27.04,27.32,26.89,1637790,0.67,27.15
20120413,27.0,27.46,27.53,26.86,4824266,-2.07,27.07
20120412,27.57,27.5,28.17,26.87,8664199,3.14,27.66
20120411,26.73,26.57,26.88,26.57,6764363,1.44,26.73
20120410,26.35,26.85,27.0,26.21,4903942,-1.86,26.45
20120409,26.85,26.79,26.89,26.14,3150739,-0.41,26.67
20120405,26.96,26.86,27.09,26.59,5084008,0.37,26.89
20120404,26.86,26.67,26.87,26.4,3967037,-0.22,26.63
20120403,26.92,26.02,27.34,25.95,6027000,3.62,26.82
20120402,25.98,24.7,26.1,24.61,4602817,5.01,25.76
20120330,24.74,23.92,25.0,23.87,3719315,3.56,24.54
20120329,23.89,23.76,24.45,22.94,6243090,-0.29,23.78
20120328,23.96,24.4,24.7,23.65,5627977,-1.32,24.04
20120327,24.28,25.3,25.4,24.15,6268813,-4.07,24.59
20120326,25.31,25.24,25.82,25.16,2652528,1.04,25.42
20120323,25.05,24.95,25.25,24.72,5130344,1.09,25.07
20120322,24.78,24.82,25.06,24.65,873051,-0.96,24.85
20120321,25.02,24.72,25.2,24.57,1388975,1.42,25.01
20120320,24.67,25.0,25.13,24.13,2277622,-1.95,24.56
20120319,25.16,25.32,25.46,25.05,1051088,-1.1,25.24
20120316,25.44,25.48,25.58,25.1,2207222,0.08,25.34
20120315,25.42,25.82,25.9,25.17,2605228,-1.32,25.4
20120314,25.76,25.21,25.96,25.15,1793973,2.02,25.69
20120313,25.25,25.18,25.25,24.75,2247089,0.92,25.02
20120312,25.02,25.53,25.53,24.66,2413279,-2.34,24.98
20120309,25.62,25.43,25.71,25.27,2146553,1.34,25.58
20120308,25.28,25.56,25.72,25.23,1070700,-0.43,25.41
20120307,25.39,25.26,25.78,25.18,1375451,0.91,25.49
20120306,25.16,25.54,25.76,24.99,2591597,-2.78,25.17
20120305,25.88,25.87,26.12,25.56,1457012,-0.12,25.82
20120302,25.91,26.1,26.19,25.87,1678358,-1.3,25.98
20120301,26.25,26.75,26.85,25.88,1971186,-1.57,26.18
20120229,26.67,26.96,27.37,26.36,2453392,-0.97,26.83
20120228,26.93,26.67,27.1,26.59,1866552,-0.19,26.92
20120227,26.98,26.54,27.2,26.5,2401415,0.9,26.97
20120224,26.74,26.11,26.83,25.94,2369038,2.57,26.56
20120223,26.07,26.08,26.3,25.83,1886486,1.84,26.1
20120222,25.6,25.16,25.75,25.11,2004169,1.71,25.46
20120221,25.17,25.18,25.47,25.0,978469,0.36,25.2
20120217,25.08,25.83,25.99,24.91,2057995,-3.32,25.32
20120216,25.94,25.0,25.98,24.82,3320490,4.43,25.4
20120215,24.84,25.23,25.36,24.66,2673922,-1.0,24.99
20120214,25.09,25.21,25.46,24.99,2461936,-8.13,25.2
20120213,27.31,28.13,28.2,26.43,5520391,-1.87,27.58
20120210,27.83,27.8,28.2,27.53,5351731,0.11,27.94
20120209,27.8,29.0,29.0,27.41,6654695,-4.04,27.91
20120208,28.97,28.9,29.3,28.45,4131516,0.52,28.87
20120207,28.82,28.48,29.3,28.48,6231547,1.48,28.84
20120206,28.4,28.99,28.99,27.43,11567719,7.33,28.06
20120203,26.46,25.26,26.5,25.26,4523957,4.71,26.16
20120202,25.27,25.04,25.31,24.78,2187588,1.2,25.13
20120201,24.97,24.83,25.25,24.4,3174462,2.17,24.95
20120131,24.44,25.13,25.45,24.27,3677459,-1.65,24.64
20120130,24.85,25.65,25.82,24.72,2473337,-3.38,25.15
20120127,25.72,26.23,26.26,25.71,2851853,-2.43,25.92
20120126,26.36,26.55,26.87,26.17,1779378,-2.37,26.51
20120125,27.0,26.12,27.03,25.89,5779453,3.61,26.66
20120124,26.06,24.6,26.15,24.47,6702098,5.76,25.63
20120123,24.64,24.43,24.8,24.43,1551249,0.57,24.65
20120120,24.5,24.5,24.59,24.15,1470762,-0.04,24.42
20120119,24.51,24.25,24.8,24.16,2033138,1.03,24.48
20120118,24.26,24.05,24.54,23.84,2147162,1.0,24.2
20120117,24.02,23.92,24.18,23.56,1640922,0.5,23.98
20120113,23.9,23.32,24.1,23.17,2466263,2.49,23.77
20120112,23.32,23.95,24.1,22.89,4220719,-2.02,23.42
20120111,23.8,22.29,23.95,22.19,5801328,5.97,23.32
20120110,22.46,21.98,22.5,20.33,5678442,3.74,21.57
20120109,21.65,22.14,22.68,21.59,1920518,-3.09,22.03
20120106,22.34,21.3,22.64,21.3,3020308,4.93,22.14
20120105,21.29,20.65,21.57,20.65,1959212,2.36,21.23
20120104,20.8,21.5,21.5,20.7,2927039,-3.88,20.88
20120103,21.64,22.0,22.13,21.27,1943414,-1.77,21.59
20111230,22.03,21.22,22.35,21.22,1972403,3.57,22.03
20111229,21.27,20.93,21.39,20.85,781247,1.72,21.21
20111228,20.91,21.4,21.44,20.82,1201799,-2.2,20.96
20111227,21.38,21.41,21.69,21.05,981690,-0.37,21.3
20111223,21.46,21.8,21.91,21.41,1161506,-1.92,21.58
20111222,21.88,21.91,22.22,21.69,1272532,-0.09,21.97
20111221,21.9,21.07,21.98,21.07,1678732,3.99,21.7
20111220,21.06,21.53,21.8,20.94,2592247,-0.8,21.24
20111219,21.23,21.67,21.9,21.14,1709626,-1.58,21.41
20111216,21.57,21.42,21.9,21.2,6189113,2.03,21.52
20111215,21.14,20.63,21.28,20.53,3124216,2.62,21.03
20111214,20.6,20.16,20.77,19.86,4290406,1.88,20.54
20111213,20.22,20.68,21.24,20.13,2385353,-2.13,20.57
20111212,20.66,21.08,21.28,20.34,2690267,-2.46,20.69
20111209,21.18,21.51,21.73,21.17,1562124,-1.26,21.34
20111208,21.45,22.53,22.55,21.13,2941457,-5.38,21.55
20111207,22.67,23.06,23.19,22.43,2697221,-2.45,22.75
20111206,23.24,23.65,24.03,23.0,3034532,-1.73,23.34
20111205,23.65,23.74,24.0,23.37,4116406,5.35,23.72
20111202,22.45,24.02,24.47,21.55,8681336,-7.19,22.9
20111201,24.19,24.29,24.57,24.05,1495606,-0.78,24.29
20111130,24.38,24.68,24.73,23.91,3441391,1.37,24.21
20111129,24.05,23.9,24.24,23.42,1698940,1.18,23.97
20111128,23.77,23.86,24.36,23.61,1704934,1.32,23.88
20111125,23.46,23.59,23.99,23.41,258763,-0.51,23.6
20111123,23.58,23.73,24.01,23.22,2631006,-1.54,23.52
20111122,23.95,24.93,25.02,23.79,2668731,-4.35,24.17
20111121,25.04,24.68,25.5,24.68,2041607,-0.63,25.06
20111118,25.2,25.09,25.69,24.63,3779433,0.6,25.15
20111117,25.05,25.41,25.78,24.72,3054255,-1.84,25.05
20111116,25.52,26.52,26.75,25.46,2462482,-4.1,25.86
20111115,26.61,26.43,26.76,25.94,2435327,0.3,26.43
20111114,26.53,26.4,26.72,26.06,2890928,0.0,26.47
20111111,26.53,26.12,26.86,25.95,4686692,2.55,26.46
20111110,25.87,25.01,25.98,25.01,4279309,3.4,25.62
20111109,25.02,24.32,25.4,24.32,3704659,-0.75,24.97
20111108,25.21,24.38,25.59,23.9,6044270,2.81,24.89
20111107,24.52,23.35,24.6,23.35,2935950,4.3,24.17
20111104,23.51,23.23,23.62,22.85,1343586,1.82,23.31
20111103,23.09,23.0,23.42,22.52,3674763,-1.11,23.02
20111102,23.35,24.05,24.7,23.31,4120531,-0.64,23.63
20111101,23.5,22.94,25.64,22.5,5719594,0.21,23.75
20111031,23.45,22.68,23.73,22.52,4239313,2.94,23.28
20111028,22.78,22.48,23.09,22.26,2215256,1.06,22.81
20111027,22.54,22.95,22.95,21.33,3777710,0.9,22.25
20111026,22.34,22.52,22.7,21.45,2247254,0.81,22.14
20111025,22.16,22.59,22.59,22.1,1445989,-2.81,22.29
20111024,22.8,23.27,23.55,22.54,1943447,-2.19,22.9
20111021,23.31,22.1,23.38,22.1,3662455,7.57,22.89
20111020,21.67,21.93,22.13,21.11,3167372,-1.23,21.63
20111019,21.94,22.75,22.86,21.76,2507399,-3.35,22.24
20111018,22.7,21.92,22.88,21.75,2975499,4.13,22.46
20111017,21.8,21.95,22.21,21.46,1974288,-1.13,21.82
20111014,22.05,21.47,22.16,21.34,3463523,4.35,21.87
20111013,21.13,20.12,21.21,19.92,3378238,3.99,20.61
20111012,20.32,19.29,20.8,19.11,4898774,6.39,20.09
20111011,19.1,19.19,19.26,18.86,875663,-0.42,19.09
20111010,19.18,18.99,19.28,18.82,1054585,3.12,19.06
20111007,18.6,18.58,19.02,18.15,2169230,1.81,18.65
20111006,18.27,18.11,18.8,17.99,2032412,1.11,18.33
20111005,18.07,17.88,18.84,17.7,4669797,-2.9,18.25
20111004,18.61,18.51,18.68,17.43,4096758,-1.06,18.03
20111003,18.81,20.09,20.49,18.72,4123809,-6.7,19.33
20110930,20.16,19.52,20.31,19.47,4126676,1.82,19.84
20110929,19.8,19.5,19.94,19.23,1730055,3.12,19.62
20110928,19.2,19.88,19.88,19.2,1466964,-3.18,19.44
20110927,19.83,20.3,20.37,19.75,1372800,-0.1,20.09
20110926,19.85,19.77,20.0,19.37,2518321,2.0,19.68
20110923,19.46,19.53,19.84,19.23,2915531,-2.31,19.51
20110922,19.92,19.03,20.33,19.03,3843215,0.5,19.84
20110921,19.82,19.89,20.52,19.75,4255774,-0.4,20.19
20110920,19.9,20.0,20.19,19.49,2470346,0.45,19.92
20110919,19.81,20.73,20.74,19.74,3967872,-6.69,20.07
20110916,21.23,21.26,21.54,20.75,3972548,1.87,21.04
20110915,20.84,19.96,21.0,19.93,7338508,11.98,20.65
20110914,18.61,17.71,19.11,17.6,7234750,5.38,18.47
20110913,17.66,18.07,18.07,17.2,4192434,-4.02,17.63
20110912,18.4,18.09,18.84,17.6,3584262,0.55,18.15
20110909,18.3,19.32,19.59,18.28,2377961,-6.11,18.81
20110908,19.49,19.71,20.15,19.42,1370967,-1.76,19.72
20110907,19.84,19.1,20.11,18.9,2327121,5.76,19.69
20110906,18.76,18.08,18.91,17.87,2362924,0.59,18.5
20110902,18.65,18.82,19.0,18.31,1920890,-2.81,18.61
20110901,19.19,20.16,20.62,19.08,1599133,-4.19,19.61
20110831,20.03,19.89,20.41,19.75,2863194,0.86,20.04
20110830,19.86,19.93,20.0,19.61,1880193,-0.6,19.85
20110829,19.98,19.73,20.44,19.64,2126304,2.46,19.99
20110826,19.5,19.02,19.6,18.47,1455909,2.31,19.2
20110825,19.06,20.24,20.24,18.87,1532467,-4.89,19.23
20110824,20.04,19.56,20.24,19.09,2030399,2.35,19.7
20110823,19.58,19.14,19.59,18.55,3408793,2.73,18.96
20110822,19.06,19.57,19.91,18.8,1311308,-1.09,19.14
20110819,19.27,19.67,20.05,19.06,1865137,-3.46,19.46
20110818,19.96,20.49,20.7,19.67,3699803,-4.91,19.89
20110817,20.99,21.95,22.06,20.81,3437358,-3.58,21.18
20110816,21.77,22.33,22.41,21.52,2753144,-3.59,21.84
20110815,22.58,21.42,23.55,21.42,7085270,6.41,22.84
20110812,21.22,19.52,21.41,18.59,6144945,8.99,20.56
20110811,19.47,18.79,19.87,18.75,7056777,4.79,19.27
20110810,18.58,17.8,18.96,17.68,12044325,1.25,18.57
20110809,18.35,18.51,19.26,17.03,8246152,0.88,18.17
20110808,18.19,21.58,21.67,17.25,10498305,-17.28,19.06
20110805,21.99,23.09,23.25,21.69,5344887,-3.97,22.32
20110804,22.9,24.63,24.65,22.58,6588375,-7.51,23.55
20110803,24.76,24.57,24.9,22.71,8645785,0.49,23.9
20110802,24.64,25.95,26.09,24.34,4763035,-1.2,24.92
20110801,24.94,26.96,27.19,23.53,11984958,-6.52,24.65
20110729,26.68,27.03,27.15,26.5,4122660,-1.98,26.75
20110728,27.22,27.52,27.9,26.89,3745220,-0.55,27.34
20110727,27.37,27.96,28.38,27.33,7519383,-2.39,27.79
20110726,28.04,27.67,28.38,26.96,7726231,0.25,27.59
20110725,27.97,30.05,30.8,27.51,25103520,-19.19,28.81
20110722,34.61,34.32,34.92,34.02,2101253,0.52,34.62
20110721,34.43,33.43,34.56,33.43,1554058,3.55,34.19
20110720,33.25,33.2,33.51,32.69,721634,0.67,33.09
20110719,33.03,33.04,33.93,32.87,2768163,1.35,33.14
20110718,32.59,33.04,33.07,32.44,1609431,-1.9,32.66
20110715,33.22,33.27,33.28,32.74,1116681,0.0,32.97
20110714,33.22,33.3,33.54,32.98,1107784,-0.06,33.19
20110713,33.24,32.98,33.67,32.81,1120040,1.34,33.37
20110712,32.8,33.05,33.73,32.65,1075721,-0.79,32.89
20110711,33.06,33.54,33.66,32.99,777890,-2.28,33.07
20110708,33.83,33.96,34.01,33.29,874719,-1.34,33.61
20110707,34.29,34.25,34.74,34.0,1928512,0.88,34.29
20110706,33.99,33.26,34.17,33.12,2467427,2.47,33.8
20110705,33.17,33.07,33.47,32.98,957818,0.33,33.21
20110701,33.06,33.14,33.5,32.54,1663110,0.18,33.04
20110630,33.0,32.78,33.39,32.63,1479194,0.73,33.08
20110629,32.76,32.98,33.3,32.59,1405715,0.03,32.87
20110628,32.75,32.59,33.08,32.58,2536483,0.83,32.88
20110627,32.48,32.4,32.71,31.49,3136953,0.71,32.19
20110624,32.25,33.31,33.31,32.16,11475079,-2.89,32.42
20110623,33.21,33.3,33.44,32.28,3222017,-0.63,32.96
20110622,33.42,33.9,33.99,33.36,2487424,-1.42,33.65
20110621,33.9,34.2,34.36,33.5,2728101,-0.96,33.82
20110620,34.23,34.72,34.72,34.05,1461612,-1.04,34.27
20110617,34.59,34.0,34.99,33.95,3872503,2.13,34.57
20110616,33.87,34.05,34.8,33.5,5779258,2.17,33.98
20110615,33.15,33.25,33.52,32.62,2544669,-1.16,33.06
20110614,33.54,33.8,34.07,33.26,1846285,-0.33,33.63
20110613,33.65,34.15,34.15,33.25,1671649,-0.74,33.6
20110610,33.9,35.0,35.0,33.86,2222630,-3.8,34.16
20110609,35.24,35.03,35.37,34.58,1634034,1.38,35.02
20110608,34.76,34.57,34.99,34.25,1458308,0.7,34.72
20110607,34.52,33.79,34.9,33.73,1896517,2.31,34.38
20110606,33.74,33.98,34.28,33.06,2360977,-1.17,33.67
20110603,34.14,34.0,34.15,33.72,2519008,-0.64,33.92
20110602,34.36,34.84,35.05,34.25,2160044,-1.18,34.58
20110601,34.77,35.0,35.27,34.42,3049797,-0.34,34.86
20110531,34.89,34.99,35.31,34.56,8113336,0.43,34.87
20110527,34.74,34.92,35.1,34.41,1474669,-0.26,34.76
20110526,34.83,34.9,34.91,34.05,1798281,0.43,34.55
20110525,34.68,34.57,35.0,34.24,2539055,0.55,34.72
20110524,34.49,34.53,34.64,34.07,3046754,0.23,34.41
20110523,34.41,34.4,34.55,34.0,2180438,-0.64,34.39
20110520,34.63,34.9,35.04,34.15,2012662,-1.2,34.54
20110519,35.05,35.02,35.23,34.5,1183894,-0.06,34.91
20110518,35.07,34.4,35.24,34.15,2070267,1.53,34.82
20110517,34.54,34.21,34.95,34.0,3037305,0.85,34.49
20110516,34.25,34.3,34.6,34.05,1719853,-1.01,34.31
20110513,34.6,34.43,34.77,34.23,1694184,0.26,34.57
20110512,34.51,34.3,34.59,34.12,814706,-0.09,34.48
20110511,34.54,34.2,34.79,34.06,1431728,-0.14,34.57
20110510,34.59,34.03,34.86,34.0,1475160,0.29,34.52
20110509,34.49,34.35,34.75,34.14,1996004,0.7,34.43
20110506,34.25,34.06,34.5,33.89,1601327,-0.26,34.11
20110505,34.34,33.45,34.74,33.15,2612938,2.35,34.22
20110504,33.55,33.1,33.96,32.79,4518258,2.88,33.32
20110503,32.61,33.59,33.88,31.94,3429362,-2.48,32.97
20110502,33.44,32.8,33.79,32.8,2786222,1.95,33.43
20110429,32.8,32.5,32.86,32.03,1233833,0.71,32.58
20110428,32.57,32.51,32.99,32.25,1571782,-0.25,32.63
20110427,32.65,32.26,33.0,32.25,3354452,2.03,32.66
20110426,32.0,31.35,32.07,31.16,1771522,1.91,31.79
20110425,31.4,31.56,31.6,31.1,732637,0.0,31.31
20110421,31.4,31.81,31.98,31.27,1461936,-0.79,31.69
20110420,31.65,32.0,32.19,31.15,3866027,-0.28,31.51
20110419,31.74,33.08,33.1,31.66,3838184,-1.06,32.17
20110418,32.08,31.82,32.54,30.75,2911031,0.31,31.82
20110415,31.98,32.3,32.38,31.89,3073284,-0.5,32.12
20110414,32.14,31.89,32.5,31.79,1565889,0.25,32.16
20110413,32.06,32.0,32.45,31.7,3969785,1.68,32.0
20110412,31.53,32.11,32.59,31.33,3848784,-1.84,31.82
20110411,32.12,33.34,33.34,30.79,15028125,-3.17,31.79
20110408,33.17,33.52,33.99,32.99,2340014,-1.46,33.23
20110407,33.66,33.28,33.85,32.85,1947469,1.08,33.28
20110406,33.3,33.75,34.2,33.24,2718425,-2.12,33.56
20110405,34.02,33.7,34.05,33.25,3607250,1.04,33.73
20110404,33.67,33.87,33.87,33.31,2647964,-0.21,33.58
20110401,33.74,33.89,34.1,33.66,1822039,-0.38,33.81
20110331,33.87,34.0,34.11,33.66,1960876,-1.08,33.83
20110330,34.24,34.57,34.57,33.93,3049809,1.03,34.1
20110329,33.89,33.44,34.01,33.05,5137352,2.57,33.59
20110328,33.04,32.87,33.11,32.75,2112581,0.27,33.01
20110325,32.95,32.71,33.1,32.58,3026587,0.8,32.92
20110324,32.69,32.53,32.95,32.5,2125551,0.03,32.75
20110323,32.68,31.7,32.68,31.5,4216231,2.54,32.32
20110322,31.87,32.37,32.39,31.39,3943895,-1.18,31.76
20110321,32.25,33.39,33.39,32.0,3823474,-2.45,32.53
20110318,33.06,32.11,33.08,31.9,5463348,3.6,32.71
20110317,31.91,31.54,31.93,31.4,3332379,2.11,31.7
20110316,31.25,31.25,31.95,31.12,6157805,-0.29,31.62
20110315,31.34,30.39,31.5,30.36,7126570,1.39,30.78
20110314,30.91,30.96,31.05,30.57,8663781,-0.67,30.82
20110311,31.12,30.5,31.29,30.5,9531504,0.32,31.1
20110310,31.02,31.2,31.5,30.7,64600368,,31.13
